#time,accel_x,accel_y,accel_z
1239.439602,1991.848295,3108.864956,12583.501014
1239.439920,1838.629195,3478.967927,11177.109724
1239.440239,1149.143247,2590.720797,11547.212695
1239.440557,459.657299,370.102971,12287.418637
1239.440876,-766.095498,-814.226536,12731.542202
1239.441194,-2221.676944,-814.226536,12287.418637
1239.441513,-2451.505594,-814.226536,11917.315666
1239.441832,-2987.772442,-814.226536,12731.542202
1239.442150,-2604.724693,-518.144159,11843.295072
1239.442469,-2451.505594,-0.000000,11029.068536
1239.442787,-2681.334243,888.247130,10140.821405
1239.443106,-3140.991542,-74.020594,10362.883188
1239.443424,-3907.087040,-1184.329507,10584.944971
1239.443743,-5209.449386,-2072.576638,10584.944971
1239.444061,-5669.106685,-2664.741391,10066.800811
1239.444380,-5745.716235,-1998.556043,10362.883188
1239.444699,-4826.401637,-1702.473667,9400.615463
1239.445017,-3524.039291,-74.020594,8364.327145
1239.445336,-1608.800546,814.226536,7846.182985
1239.445654,-1149.143247,1628.453072,7105.977043
1239.445973,306.438199,-444.123565,6809.894666
1239.446291,842.705048,-518.144159,6587.832884
1239.446610,1149.143247,518.144159,6809.894666
1239.446928,1455.581446,-888.247130,4737.318029
1239.447247,2757.943793,888.247130,4293.194464
1239.447566,3217.601092,1184.329507,4663.297435
1239.447884,4060.306139,-0.000000,4219.173869
1239.448203,3294.210641,518.144159,4367.215058
1239.448521,2834.553343,518.144159,6291.750507
1239.448840,2068.457845,-0.000000,6587.832884
1239.449158,1685.410096,-148.041188,7031.956449
1239.449477,919.314598,-1036.288319,7994.224174
1239.449795,459.657299,-1628.453072,8290.306550
1239.450114,306.438199,-1110.308913,7698.141797
1239.450433,229.828649,-370.102971,6883.915261
1239.450751,383.047749,-296.082377,7476.080014
1239.451070,536.266849,-666.185348,7920.203579
1239.451388,-536.266849,-1110.308913,8438.347739
1239.451707,-536.266849,-2442.679609,9474.636058
1239.452025,-2451.505594,-1332.370696,8734.430116
1239.452344,-1991.848295,-444.123565,9992.780217
1239.452662,-2068.457845,296.082377,9696.697840
1239.452981,-1915.238745,1480.411884,9770.718434
1239.453300,-1608.800546,1110.308913,10214.842000
1239.453618,-1608.800546,1554.432478,10140.821405
1239.453937,-1302.362347,1036.288319,10510.924376
1239.454255,-919.314598,-0.000000,10658.965565
1239.454574,-1991.848295,444.123565,10288.862594
1239.454892,-1532.190996,370.102971,11177.109724
1239.455211,-919.314598,1110.308913,10807.006753
1239.455530,-766.095498,2516.700203,10955.047942
1239.455848,-306.438199,3775.050304,10510.924376
1239.456167,153.219100,4145.153275,9474.636058
1239.456485,153.219100,3034.844362,9696.697840
1239.456804,459.657299,2072.576638,10214.842000
1239.457122,383.047749,2960.823768,10584.944971
1239.457441,383.047749,1554.432478,11103.089130
1239.457759,0.000000,1628.453072,11103.089130
1239.458078,612.876398,1554.432478,11029.068536
1239.458397,1149.143247,2812.782580,10881.027347
1239.458715,1762.019645,3108.864956,10732.986159
1239.459034,1838.629195,2812.782580,10658.965565
1239.459352,1915.238745,3478.967927,9992.780217
1239.459671,1915.238745,2812.782580,10066.800811
1239.459989,2221.676944,2664.741391,10140.821405
1239.460308,2374.896044,2072.576638,9844.739029
1239.460626,2221.676944,1628.453072,10066.800811
1239.460945,2068.457845,1110.308913,9918.759623
1239.461264,2604.724693,814.226536,10288.862594
1239.461582,1915.238745,888.247130,9844.739029
1239.461901,1378.971896,888.247130,9622.677246
1239.462219,1378.971896,962.267725,9622.677246
1239.462538,842.705048,962.267725,9474.636058
1239.462856,229.828649,962.267725,9474.636058
1239.463175,-383.047749,1110.308913,9474.636058
1239.463493,-612.876398,1110.308913,9400.615463
1239.463812,-919.314598,814.226536,9104.533087
1239.464131,-995.924147,740.205942,9030.512492
1239.464449,-1225.752797,518.144159,8882.471304
1239.464768,-1455.581446,592.164754,8586.388927
1239.465086,-1455.581446,740.205942,8512.368333
1239.465405,-1302.362347,1258.350101,8290.306550
1239.465723,-1302.362347,1702.473667,7920.203579
1239.466042,-1149.143247,1998.556043,7624.121203
1239.466360,-1455.581446,2072.576638,7698.141797
1239.466679,-1685.410096,1554.432478,7550.100608
1239.466998,-1378.971896,1184.329507,7402.059420
1239.467316,-1378.971896,1184.329507,7772.162391
1239.467635,-1455.581446,888.247130,7550.100608
1239.467953,-1225.752797,370.102971,7698.141797
1239.468272,-842.705048,296.082377,7994.224174
1239.468590,-919.314598,222.061783,8216.285956
1239.468909,-459.657299,222.061783,8216.285956
1239.469227,0.000000,148.041188,8216.285956
1239.469546,383.047749,-0.000000,8660.409521
1239.469865,536.266849,-222.061783,8512.368333
1239.470183,919.314598,-444.123565,8956.491898
1239.470502,1149.143247,-666.185348,9178.553681
1239.470820,1762.019645,-814.226536,9178.553681
1239.471139,1762.019645,-1036.288319,9178.553681
1239.471457,1838.629195,-1184.329507,9326.594869
1239.471776,2298.286494,-1110.308913,9918.759623
1239.472095,2068.457845,-1258.350101,9474.636058
1239.472413,1915.238745,-1480.411884,9474.636058
1239.472732,1915.238745,-1184.329507,9770.718434
1239.473051,1838.629195,-1184.329507,10140.821405
1239.473370,1608.800546,-1480.411884,10584.944971
1239.473688,919.314598,-1406.391290,10362.883188
1239.474007,919.314598,-1110.308913,10436.903782
1239.474326,689.485948,-888.247130,9918.759623
1239.474645,766.095498,-592.164754,9918.759623
1239.474964,229.828649,-148.041188,9844.739029
1239.475282,229.828649,-0.000000,9548.656652
1239.475601,76.609550,814.226536,9548.656652
1239.475920,229.828649,1110.308913,9474.636058
1239.476239,0.000000,1110.308913,9474.636058
1239.476557,-306.438199,1184.329507,9326.594869
1239.476876,-229.828649,1776.494261,9178.553681
1239.477195,-536.266849,1776.494261,9326.594869
1239.477514,-459.657299,1998.556043,9104.533087
1239.477832,-995.924147,2368.659014,9104.533087
1239.478151,-1149.143247,2368.659014,9178.553681
1239.478470,-1149.143247,2368.659014,9030.512492
1239.478789,-1149.143247,2442.679609,9030.512492
1239.479108,-1072.533697,2072.576638,9030.512492
1239.479426,-766.095498,2368.659014,8882.471304
1239.479745,-229.828649,2738.761985,9252.574275
1239.480064,-153.219100,2442.679609,9030.512492
1239.480383,-153.219100,2590.720797,9178.553681
1239.480701,-153.219100,2442.679609,9622.677246
1239.481020,76.609550,2072.576638,9326.594869
1239.481339,306.438199,1924.535449,9326.594869
1239.481658,612.876398,1924.535449,9178.553681
1239.481976,842.705048,1998.556043,9326.594869
1239.482295,842.705048,1776.494261,9104.533087
1239.482614,612.876398,1480.411884,9474.636058
1239.482933,995.924147,1406.391290,9474.636058
1239.483252,689.485948,1110.308913,9548.656652
1239.483570,766.095498,1184.329507,9770.718434
1239.483889,459.657299,962.267725,9844.739029
1239.484208,612.876398,740.205942,10066.800811
1239.484527,229.828649,740.205942,9918.759623
1239.484845,689.485948,740.205942,9770.718434
1239.485164,612.876398,962.267725,9844.739029
1239.485483,612.876398,1036.288319,9696.697840
1239.485802,689.485948,1036.288319,9474.636058
1239.486120,689.485948,1184.329507,9474.636058
1239.486439,689.485948,1184.329507,9326.594869
1239.486758,766.095498,1036.288319,9252.574275
1239.487077,536.266849,1184.329507,9178.553681
1239.487396,689.485948,814.226536,9030.512492
1239.487714,229.828649,814.226536,9104.533087
1239.488033,612.876398,592.164754,9104.533087
1239.488352,459.657299,592.164754,8956.491898
1239.488671,536.266849,962.267725,8956.491898
1239.488989,229.828649,592.164754,8808.450710
1239.489308,536.266849,518.144159,8882.471304
1239.489627,536.266849,-0.000000,9104.533087
1239.489946,153.219100,-370.102971,8808.450710
1239.490264,842.705048,-74.020594,9030.512492
1239.490583,536.266849,-814.226536,8882.471304
1239.490902,842.705048,-740.205942,8882.471304
1239.491221,1532.190996,-666.185348,8882.471304
1239.491540,766.095498,-962.267725,8734.430116
1239.491858,1072.533697,-1406.391290,8956.491898
1239.492177,1302.362347,-1258.350101,8734.430116
1239.492496,1378.971896,-1702.473667,8808.450710
1239.492815,995.924147,-1850.514855,8734.430116
1239.493133,536.266849,-2220.617826,8882.471304
1239.493452,842.705048,-2220.617826,9030.512492
1239.493771,536.266849,-2368.659014,9104.533087
1239.494090,459.657299,-2294.638420,9326.594869
1239.494408,229.828649,-2220.617826,9400.615463
1239.494727,0.000000,-1998.556043,9178.553681
1239.495046,229.828649,-1998.556043,9326.594869
1239.495365,76.609550,-1554.432478,9400.615463
1239.495684,0.000000,-1480.411884,9252.574275
1239.496002,153.219100,-1332.370696,9474.636058
1239.496321,153.219100,-1036.288319,9030.512492
1239.496640,459.657299,-518.144159,8808.450710
1239.496959,459.657299,-518.144159,8512.368333
1239.497277,153.219100,-222.061783,8290.306550
1239.497596,459.657299,-0.000000,8216.285956
1239.497915,459.657299,-0.000000,8216.285956
1239.498234,536.266849,666.185348,8216.285956
1239.498552,536.266849,962.267725,8512.368333
1239.498871,766.095498,888.247130,8438.347739
1239.499190,229.828649,1036.288319,8660.409521
1239.499509,766.095498,1110.308913,8586.388927
1239.499828,383.047749,1110.308913,8660.409521
1239.500146,306.438199,1258.350101,8956.491898
1239.500465,229.828649,1184.329507,8882.471304
1239.500784,459.657299,1628.453072,9104.533087
1239.501103,306.438199,1480.411884,9252.574275
1239.501421,536.266849,1628.453072,9474.636058
1239.501740,229.828649,1406.391290,9696.697840
1239.502059,229.828649,1776.494261,9770.718434
1239.502378,536.266849,1480.411884,9474.636058
1239.502696,536.266849,1110.308913,9918.759623
1239.503015,306.438199,962.267725,9918.759623
1239.503334,-306.438199,592.164754,10140.821405
1239.503653,306.438199,814.226536,10288.862594
1239.503972,153.219100,740.205942,10362.883188
1239.504290,229.828649,888.247130,10510.924376
1239.504609,0.000000,814.226536,10510.924376
1239.504928,153.219100,888.247130,10658.965565
1239.505247,0.000000,888.247130,10658.965565
1239.505565,0.000000,962.267725,10510.924376
1239.505884,0.000000,888.247130,10584.944971
1239.506203,229.828649,740.205942,10436.903782
1239.506522,306.438199,888.247130,10584.944971
1239.506840,76.609550,962.267725,10288.862594
1239.507159,153.219100,1110.308913,10288.862594
1239.507478,689.485948,1184.329507,10066.800811
1239.507797,689.485948,962.267725,9696.697840
1239.508116,229.828649,1480.411884,9770.718434
1239.508434,842.705048,1480.411884,9548.656652
1239.508753,536.266849,1406.391290,9844.739029
1239.509072,842.705048,962.267725,9622.677246
1239.509391,612.876398,1036.288319,9474.636058
1239.509709,766.095498,1036.288319,9326.594869
1239.510028,995.924147,814.226536,9104.533087
1239.510347,1149.143247,740.205942,9104.533087
1239.510666,1378.971896,666.185348,8882.471304
1239.510984,1378.971896,296.082377,8956.491898
1239.511303,1455.581446,222.061783,8660.409521
1239.511622,1378.971896,222.061783,8660.409521
1239.511941,1378.971896,-74.020594,8512.368333
1239.512260,1608.800546,-296.082377,8512.368333
1239.512578,1225.752797,-888.247130,8364.327145
1239.512897,1532.190996,-962.267725,8438.347739
1239.513216,1455.581446,-1184.329507,8512.368333
1239.513535,1685.410096,-1480.411884,8512.368333
1239.513853,1225.752797,-1628.453072,8438.347739
1239.514172,1149.143247,-1850.514855,8364.327145
1239.514491,995.924147,-1850.514855,8586.388927
1239.514810,842.705048,-1924.535449,8512.368333
1239.515128,229.828649,-2294.638420,8808.450710
1239.515447,306.438199,-2220.617826,8660.409521
1239.515766,229.828649,-2442.679609,8808.450710
1239.516085,76.609550,-2368.659014,8882.471304
1239.516404,0.000000,-1998.556043,8808.450710
1239.516722,0.000000,-2442.679609,8660.409521
1239.517041,0.000000,-1850.514855,8438.347739
1239.517360,0.000000,-1480.411884,8364.327145
1239.517679,0.000000,-1332.370696,8438.347739
1239.517997,-153.219100,-888.247130,8364.327145
1239.518316,0.000000,-740.205942,8586.388927
1239.518635,0.000000,-370.102971,8660.409521
1239.518954,0.000000,-518.144159,8290.306550
1239.519272,306.438199,-148.041188,8660.409521
1239.519591,306.438199,-0.000000,8512.368333
1239.519910,383.047749,-74.020594,8586.388927
1239.520229,536.266849,370.102971,8660.409521
1239.520548,766.095498,592.164754,8586.388927
1239.520866,612.876398,666.185348,8660.409521
1239.521185,1072.533697,518.144159,8956.491898
1239.521504,1455.581446,518.144159,9326.594869
1239.521823,1072.533697,740.205942,9104.533087
1239.522141,1072.533697,1110.308913,9104.533087
1239.522460,1072.533697,962.267725,9474.636058
1239.522779,1149.143247,814.226536,9474.636058
1239.523098,1302.362347,962.267725,9548.656652
1239.523416,1072.533697,888.247130,9622.677246
1239.523735,995.924147,962.267725,9844.739029
1239.524054,842.705048,1036.288319,9992.780217
1239.524373,995.924147,814.226536,10140.821405
1239.524692,1225.752797,814.226536,10288.862594
1239.525010,766.095498,888.247130,10436.903782
1239.525329,842.705048,888.247130,10214.842000
1239.525648,689.485948,1110.308913,10362.883188
1239.525967,306.438199,814.226536,10955.047942
1239.526285,383.047749,814.226536,10436.903782
1239.526604,383.047749,1036.288319,10362.883188
1239.526923,153.219100,962.267725,10362.883188
1239.527242,536.266849,1184.329507,10436.903782
1239.527560,229.828649,962.267725,10362.883188
1239.527879,0.000000,1332.370696,10214.842000
1239.528198,76.609550,1480.411884,10214.842000
1239.528517,0.000000,1554.432478,9992.780217
1239.528836,0.000000,1332.370696,9696.697840
1239.529154,0.000000,1554.432478,9548.656652
1239.529473,0.000000,1554.432478,9474.636058
1239.529792,0.000000,1480.411884,9474.636058
1239.530111,76.609550,1776.494261,9474.636058
1239.530429,383.047749,1406.391290,9474.636058
1239.530748,383.047749,1554.432478,9178.553681
1239.531067,383.047749,1258.350101,8808.450710
1239.531386,689.485948,1406.391290,8956.491898
1239.531704,459.657299,962.267725,8808.450710
1239.532023,1225.752797,666.185348,8734.430116
1239.532342,842.705048,740.205942,8660.409521
1239.532661,766.095498,148.041188,8660.409521
1239.532980,1072.533697,222.061783,8882.471304
1239.533298,1149.143247,-296.082377,8808.450710
1239.533617,1072.533697,-666.185348,8956.491898
1239.533936,995.924147,-296.082377,8882.471304
1239.534255,919.314598,-740.205942,8956.491898
1239.534573,766.095498,-666.185348,8808.450710
1239.534892,1532.190996,-888.247130,8882.471304
1239.535211,995.924147,-1258.350101,8956.491898
1239.535530,766.095498,-1184.329507,8882.471304
1239.535848,766.095498,-1258.350101,9030.512492
1239.536167,842.705048,-1554.432478,8882.471304
1239.536486,459.657299,-1406.391290,9178.553681
1239.536805,229.828649,-1480.411884,8734.430116
1239.537124,612.876398,-1036.288319,8956.491898
1239.537442,306.438199,-1110.308913,8956.491898
1239.537761,536.266849,-1036.288319,9178.553681
1239.538080,459.657299,-888.247130,8734.430116
1239.538399,383.047749,-962.267725,8808.450710
1239.538717,76.609550,-444.123565,8808.450710
1239.539036,153.219100,-518.144159,9104.533087
1239.539355,-229.828649,-296.082377,9030.512492
1239.539674,0.000000,-222.061783,8882.471304
1239.539992,0.000000,-148.041188,8956.491898
1239.540311,76.609550,296.082377,8734.430116
1239.540630,383.047749,370.102971,9030.512492
1239.540949,0.000000,148.041188,8956.491898
1239.541268,229.828649,444.123565,8808.450710
1239.541586,459.657299,888.247130,8660.409521
1239.541905,689.485948,962.267725,8882.471304
1239.542224,995.924147,740.205942,8956.491898
1239.542543,766.095498,888.247130,9030.512492
1239.542861,536.266849,888.247130,9030.512492
1239.543180,612.876398,1110.308913,9178.553681
1239.543499,459.657299,1036.288319,9178.553681
1239.543818,766.095498,888.247130,9178.553681
1239.544136,229.828649,814.226536,9104.533087
1239.544455,536.266849,1184.329507,9400.615463
1239.544774,612.876398,962.267725,9548.656652
1239.545093,229.828649,1110.308913,9548.656652
1239.545412,612.876398,740.205942,9622.677246
1239.545730,153.219100,1036.288319,9844.739029
1239.546049,383.047749,1036.288319,9918.759623
1239.546368,383.047749,1184.329507,9844.739029
1239.546687,229.828649,1184.329507,9844.739029
1239.547005,229.828649,814.226536,9844.739029
1239.547324,0.000000,1258.350101,9770.718434
1239.547643,383.047749,1480.411884,9918.759623
1239.547962,153.219100,1406.391290,9992.780217
1239.548280,0.000000,1480.411884,9770.718434
1239.548599,0.000000,1554.432478,9918.759623
1239.548918,0.000000,1554.432478,9622.677246
1239.549237,76.609550,1480.411884,9770.718434
1239.549556,153.219100,1776.494261,9622.677246
1239.549874,0.000000,1776.494261,9770.718434
1239.550193,0.000000,1406.391290,9696.697840
1239.550512,153.219100,1480.411884,9474.636058
1239.550831,689.485948,1924.535449,9474.636058
1239.551149,536.266849,1628.453072,9326.594869
1239.551468,459.657299,1628.453072,9400.615463
1239.551787,689.485948,1628.453072,9178.553681
1239.552106,689.485948,1480.411884,9178.553681
1239.552424,689.485948,1258.350101,9326.594869
1239.552743,383.047749,1184.329507,9178.553681
1239.553062,536.266849,1110.308913,9400.615463
1239.553381,536.266849,518.144159,9252.574275
1239.553700,536.266849,962.267725,9178.553681
1239.554018,459.657299,222.061783,9326.594869
1239.554337,536.266849,296.082377,9474.636058
1239.554656,383.047749,-0.000000,9474.636058
1239.554975,76.609550,-0.000000,9400.615463
1239.555293,229.828649,-296.082377,9252.574275
1239.555612,612.876398,-296.082377,9326.594869
1239.555931,383.047749,-296.082377,9400.615463
1239.556250,383.047749,-518.144159,9474.636058
1239.556568,229.828649,-666.185348,9178.553681
1239.556887,842.705048,-444.123565,9252.574275
1239.557206,689.485948,-666.185348,9178.553681
1239.557525,612.876398,-740.205942,9326.594869
1239.557844,229.828649,-666.185348,9030.512492
1239.558162,536.266849,-518.144159,9030.512492
1239.558481,536.266849,-370.102971,8882.471304
1239.558800,459.657299,-74.020594,9030.512492
1239.559119,459.657299,-740.205942,8956.491898
1239.559437,536.266849,-148.041188,9030.512492
1239.559756,919.314598,-0.000000,8808.450710
1239.560075,536.266849,-74.020594,8734.430116
1239.560394,459.657299,148.041188,8808.450710
1239.560712,842.705048,518.144159,8660.409521
1239.561031,612.876398,296.082377,8660.409521
1239.561350,689.485948,444.123565,8512.368333
1239.561669,689.485948,444.123565,8364.327145
1239.561988,536.266849,814.226536,8512.368333
1239.562306,842.705048,814.226536,8882.471304
1239.562625,536.266849,740.205942,8586.388927
1239.562944,766.095498,592.164754,8438.347739
1239.563263,383.047749,592.164754,8734.430116
1239.563581,459.657299,518.144159,8660.409521
1239.563900,383.047749,666.185348,8882.471304
1239.564219,459.657299,444.123565,8882.471304
1239.564538,229.828649,370.102971,8956.491898
1239.564856,229.828649,592.164754,8956.491898
1239.565175,383.047749,296.082377,9326.594869
1239.565494,0.000000,296.082377,9104.533087
1239.565813,229.828649,518.144159,9326.594869
1239.566132,0.000000,444.123565,9474.636058
1239.566450,306.438199,592.164754,9548.656652
1239.566769,689.485948,370.102971,9696.697840
1239.567088,153.219100,592.164754,9474.636058
1239.567407,229.828649,666.185348,9696.697840
1239.567725,153.219100,740.205942,9696.697840
1239.568044,76.609550,740.205942,9844.739029
1239.568363,0.000000,814.226536,9918.759623
1239.568682,229.828649,1036.288319,9770.718434
1239.569000,0.000000,1110.308913,9918.759623
1239.569319,0.000000,1332.370696,9622.677246
1239.569638,153.219100,1184.329507,10288.862594
1239.569957,153.219100,1332.370696,9770.718434
1239.570276,306.438199,1480.411884,9696.697840
1239.570594,76.609550,1628.453072,9770.718434
1239.570913,995.924147,1628.453072,9696.697840
1239.571232,383.047749,1554.432478,9770.718434
1239.571551,536.266849,1776.494261,9548.656652
1239.571870,612.876398,1628.453072,9622.677246
1239.572189,689.485948,1702.473667,9474.636058
1239.572508,919.314598,1702.473667,9696.697840
1239.572827,536.266849,1406.391290,9622.677246
1239.573145,689.485948,1258.350101,9474.636058
1239.573464,459.657299,1258.350101,9622.677246
1239.573783,306.438199,1258.350101,9696.697840
1239.574102,306.438199,962.267725,9696.697840
1239.574421,612.876398,740.205942,9474.636058
1239.574740,229.828649,814.226536,9622.677246
1239.575059,76.609550,444.123565,9474.636058
1239.575378,229.828649,370.102971,9474.636058
1239.575697,383.047749,222.061783,9696.697840
1239.576016,0.000000,296.082377,9474.636058
1239.576334,0.000000,-148.041188,9474.636058
1239.576653,-153.219100,-0.000000,9696.697840
1239.576972,-229.828649,-148.041188,9548.656652
1239.577291,0.000000,-296.082377,9474.636058
1239.577610,-306.438199,-370.102971,9474.636058
1239.577929,0.000000,-296.082377,9400.615463
1239.578248,-229.828649,-148.041188,9252.574275
1239.578567,0.000000,-0.000000,9178.553681
1239.578886,-383.047749,-148.041188,9400.615463
1239.579204,-306.438199,-518.144159,9030.512492
1239.579523,229.828649,-148.041188,8808.450710
1239.579842,0.000000,-148.041188,8882.471304
1239.580161,153.219100,-148.041188,8808.450710
1239.580480,459.657299,-296.082377,8660.409521
1239.580799,229.828649,-0.000000,8586.388927
1239.581118,459.657299,-0.000000,8364.327145
1239.581437,536.266849,-0.000000,8586.388927
1239.581756,612.876398,-222.061783,8364.327145
1239.582075,766.095498,-0.000000,8290.306550
1239.582393,1149.143247,148.041188,8216.285956
1239.582712,842.705048,370.102971,8142.265362
1239.583031,919.314598,370.102971,8438.347739
1239.583350,1225.752797,-74.020594,8512.368333
1239.583669,995.924147,148.041188,8438.347739
1239.583988,919.314598,-0.000000,8438.347739
1239.584307,842.705048,-74.020594,8438.347739
1239.584626,612.876398,222.061783,8660.409521
1239.584945,536.266849,-74.020594,8660.409521
1239.585263,689.485948,-0.000000,8734.430116
1239.585582,689.485948,-222.061783,8882.471304
1239.585901,766.095498,-74.020594,8956.491898
1239.586220,383.047749,-74.020594,9178.553681
1239.586539,459.657299,-0.000000,9252.574275
1239.586858,153.219100,-148.041188,9326.594869
1239.587177,459.657299,-148.041188,9252.574275
1239.587496,153.219100,-74.020594,9474.636058
1239.587815,229.828649,-74.020594,9548.656652
1239.588134,-153.219100,-74.020594,9548.656652
1239.588452,76.609550,-0.000000,9622.677246
1239.588771,229.828649,-0.000000,9844.739029
1239.589090,153.219100,-0.000000,9770.718434
1239.589409,383.047749,222.061783,9770.718434
1239.589728,383.047749,296.082377,9696.697840
1239.590047,153.219100,518.144159,9696.697840
1239.590366,459.657299,592.164754,9770.718434
1239.590685,459.657299,666.185348,9622.677246
1239.591004,689.485948,666.185348,9474.636058
1239.591322,1072.533697,888.247130,9696.697840
1239.591641,612.876398,814.226536,9696.697840
1239.591960,1149.143247,814.226536,9474.636058
1239.592279,995.924147,1036.288319,9474.636058
1239.592598,1532.190996,888.247130,9622.677246
1239.592917,1302.362347,1184.329507,9622.677246
1239.593236,1225.752797,1184.329507,9474.636058
1239.593555,1149.143247,1036.288319,9474.636058
1239.593874,1378.971896,814.226536,9474.636058
1239.594193,1072.533697,814.226536,9548.656652
1239.594511,1378.971896,740.205942,9252.574275
1239.594830,1149.143247,666.185348,9548.656652
1239.595149,766.095498,666.185348,9548.656652
1239.595468,842.705048,740.205942,9548.656652
1239.595787,766.095498,518.144159,9474.636058
1239.596106,689.485948,444.123565,9548.656652
1239.596425,689.485948,518.144159,9474.636058
1239.596744,459.657299,370.102971,9326.594869
1239.597063,306.438199,-0.000000,9696.697840
1239.597381,306.438199,-0.000000,9548.656652
1239.597700,459.657299,-0.000000,9474.636058
1239.598019,383.047749,-148.041188,9326.594869
1239.598338,459.657299,-74.020594,9474.636058
1239.598657,229.828649,-222.061783,9326.594869
1239.598976,153.219100,-0.000000,9326.594869
1239.599295,0.000000,-148.041188,9030.512492
1239.599614,0.000000,-222.061783,9104.533087
1239.599933,-229.828649,-148.041188,9178.553681
1239.600251,0.000000,-0.000000,9104.533087
1239.600570,0.000000,-222.061783,9030.512492
1239.600889,153.219100,-74.020594,8956.491898
1239.601208,153.219100,-74.020594,8956.491898
1239.601527,383.047749,-296.082377,8734.430116
1239.601846,229.828649,-148.041188,8882.471304
1239.602165,383.047749,-296.082377,8586.388927
1239.602484,383.047749,-222.061783,8586.388927
1239.602803,612.876398,-370.102971,8512.368333
1239.603122,766.095498,-222.061783,8660.409521
1239.603440,919.314598,-222.061783,8586.388927
1239.603759,459.657299,-296.082377,8660.409521
1239.604078,689.485948,-296.082377,8586.388927
1239.604397,766.095498,-444.123565,8512.368333
1239.604716,766.095498,-444.123565,8808.450710
1239.605035,766.095498,-518.144159,8660.409521
1239.605354,612.876398,-518.144159,8882.471304
1239.605673,919.314598,-592.164754,8660.409521
1239.605992,612.876398,-444.123565,9030.512492
1239.606310,612.876398,-592.164754,8956.491898
1239.606629,689.485948,-666.185348,9030.512492
1239.606948,536.266849,-444.123565,9030.512492
1239.607267,612.876398,-444.123565,9030.512492
1239.607586,689.485948,-222.061783,9104.533087
1239.607905,536.266849,-74.020594,9178.553681
1239.608224,536.266849,-222.061783,9400.615463
1239.608543,536.266849,-0.000000,9326.594869
1239.608862,536.266849,-0.000000,9474.636058
1239.609181,459.657299,-0.000000,9474.636058
1239.609499,383.047749,222.061783,9252.574275
1239.609818,536.266849,222.061783,9400.615463
1239.610137,459.657299,296.082377,9326.594869
1239.610456,766.095498,518.144159,9622.677246
1239.610775,306.438199,-0.000000,9474.636058
1239.611094,842.705048,962.267725,9548.656652
1239.611413,689.485948,888.247130,9400.615463
1239.611732,459.657299,1036.288319,9326.594869
1239.612051,689.485948,1184.329507,9474.636058
1239.612369,689.485948,1036.288319,9548.656652
1239.612688,842.705048,1184.329507,9326.594869
1239.613007,766.095498,1258.350101,9474.636058
1239.613326,689.485948,962.267725,9474.636058
1239.613645,842.705048,1184.329507,9474.636058
1239.613964,919.314598,1184.329507,9548.656652
1239.614283,842.705048,1332.370696,9770.718434
1239.614602,536.266849,1110.308913,9770.718434
1239.614921,459.657299,1110.308913,9696.697840
1239.615240,306.438199,740.205942,9918.759623
1239.615558,153.219100,888.247130,9844.739029
1239.615877,383.047749,814.226536,9844.739029
1239.616196,383.047749,740.205942,9770.718434
1239.616515,459.657299,666.185348,9770.718434
1239.616834,229.828649,148.041188,10066.800811
1239.617153,229.828649,888.247130,9992.780217
1239.617472,459.657299,814.226536,9770.718434
1239.617791,0.000000,444.123565,9992.780217
1239.618110,536.266849,370.102971,9622.677246
1239.618428,306.438199,518.144159,9844.739029
1239.618747,383.047749,370.102971,9844.739029
1239.619066,459.657299,222.061783,9622.677246
1239.619385,459.657299,296.082377,9474.636058
1239.619704,229.828649,296.082377,9770.718434
1239.620023,842.705048,518.144159,9474.636058
1239.620342,306.438199,148.041188,9474.636058
1239.620661,766.095498,296.082377,9178.553681
1239.620980,612.876398,296.082377,9104.533087
1239.621298,919.314598,-0.000000,9178.553681
1239.621617,919.314598,222.061783,8882.471304
1239.621936,842.705048,222.061783,8660.409521
1239.622255,995.924147,370.102971,8734.430116
1239.622574,766.095498,-0.000000,8512.368333
1239.622893,919.314598,370.102971,8882.471304
1239.623212,1072.533697,222.061783,8660.409521
1239.623531,1225.752797,296.082377,8364.327145
1239.623850,995.924147,-0.000000,8512.368333
1239.624169,1149.143247,-0.000000,8364.327145
1239.624487,995.924147,148.041188,8512.368333
1239.624806,995.924147,-74.020594,8512.368333
1239.625125,766.095498,-222.061783,8438.347739
1239.625444,689.485948,-222.061783,8512.368333
1239.625763,766.095498,-296.082377,8512.368333
1239.626082,612.876398,-296.082377,8586.388927
1239.626401,536.266849,-296.082377,8586.388927
1239.626720,612.876398,-444.123565,8586.388927
1239.627039,766.095498,-888.247130,8512.368333
1239.627357,383.047749,-518.144159,9030.512492
1239.627676,153.219100,-592.164754,8882.471304
1239.627995,0.000000,-518.144159,8882.471304
1239.628314,229.828649,-370.102971,9104.533087
1239.628633,0.000000,-370.102971,9104.533087
1239.628952,-229.828649,-444.123565,9030.512492
1239.629271,0.000000,-222.061783,9178.553681
1239.629590,0.000000,-74.020594,9326.594869
1239.629909,153.219100,-74.020594,9104.533087
1239.630228,229.828649,296.082377,9474.636058
1239.630546,229.828649,148.041188,9400.615463
1239.630865,306.438199,296.082377,9252.574275
1239.631184,459.657299,444.123565,9252.574275
1239.631503,1072.533697,444.123565,9474.636058
1239.631822,689.485948,740.205942,9474.636058
1239.632141,612.876398,1036.288319,9474.636058
1239.632460,919.314598,962.267725,9326.594869
1239.632779,919.314598,1110.308913,9474.636058
1239.633098,383.047749,814.226536,9474.636058
1239.633416,1072.533697,1332.370696,9252.574275
1239.633735,995.924147,1480.411884,9400.615463
1239.634054,995.924147,1406.391290,9474.636058
1239.634373,995.924147,1332.370696,9474.636058
1239.634692,1608.800546,1258.350101,9474.636058
1239.635011,612.876398,1480.411884,9252.574275
1239.635330,536.266849,1628.453072,9474.636058
1239.635649,612.876398,1332.370696,9474.636058
1239.635968,689.485948,1554.432478,9474.636058
1239.636287,689.485948,1258.350101,9622.677246
1239.636605,153.219100,1258.350101,9548.656652
1239.636924,153.219100,1406.391290,9696.697840
1239.637243,0.000000,1184.329507,9918.759623
1239.637562,-306.438199,740.205942,9770.718434
1239.637881,-536.266849,888.247130,9474.636058
1239.638200,-306.438199,1036.288319,9770.718434
1239.638519,-383.047749,888.247130,9770.718434
1239.638838,-536.266849,1036.288319,9918.759623
1239.639157,-1072.533697,962.267725,9992.780217
1239.639475,-689.485948,1036.288319,9622.677246
1239.639794,-612.876398,740.205942,9474.636058
1239.640113,-459.657299,814.226536,9696.697840
1239.640432,-306.438199,814.226536,9622.677246
1239.640751,0.000000,518.144159,9474.636058
1239.641070,-306.438199,814.226536,9400.615463
1239.641389,0.000000,740.205942,9474.636058
1239.641708,153.219100,740.205942,9474.636058
1239.642027,229.828649,740.205942,9400.615463
1239.642346,766.095498,666.185348,9400.615463
1239.642664,612.876398,666.185348,9178.553681
1239.642983,919.314598,592.164754,9104.533087
1239.643302,919.314598,666.185348,9252.574275
1239.643621,536.266849,518.144159,9178.553681
1239.643940,1072.533697,148.041188,8956.491898
1239.644259,766.095498,222.061783,9178.553681
1239.644578,995.924147,148.041188,8956.491898
1239.644897,919.314598,222.061783,8956.491898
1239.645216,766.095498,-148.041188,8956.491898
1239.645534,842.705048,296.082377,9178.553681
1239.645853,1225.752797,-74.020594,8956.491898
1239.646172,689.485948,-0.000000,9400.615463
1239.646491,459.657299,-222.061783,9104.533087
1239.646810,842.705048,-222.061783,8882.471304
1239.647129,689.485948,-74.020594,9178.553681
1239.647448,459.657299,-222.061783,9030.512492
1239.647767,383.047749,-148.041188,9104.533087
1239.648086,153.219100,-222.061783,9104.533087
1239.648404,459.657299,-296.082377,9178.553681
1239.648723,153.219100,-74.020594,9030.512492
1239.649042,306.438199,-74.020594,8882.471304
1239.649361,0.000000,-148.041188,9104.533087
1239.649680,0.000000,-74.020594,8956.491898
1239.649999,0.000000,-148.041188,8882.471304
1239.650318,76.609550,-74.020594,9178.553681
1239.650637,0.000000,222.061783,9030.512492
1239.650956,0.000000,370.102971,9030.512492
1239.651275,612.876398,592.164754,9104.533087
1239.651593,459.657299,370.102971,8660.409521
1239.651912,459.657299,592.164754,9104.533087
1239.652231,306.438199,518.144159,8734.430116
1239.652550,459.657299,592.164754,9104.533087
1239.652869,536.266849,518.144159,9400.615463
1239.653188,842.705048,666.185348,8956.491898
1239.653507,536.266849,592.164754,9178.553681
1239.653826,766.095498,666.185348,9178.553681
1239.654145,689.485948,666.185348,9178.553681
1239.654463,766.095498,592.164754,9104.533087
1239.654782,842.705048,962.267725,9178.553681
1239.655101,689.485948,592.164754,9178.553681
1239.655420,689.485948,814.226536,9326.594869
1239.655739,1072.533697,148.041188,9252.574275
1239.656058,842.705048,444.123565,9548.656652
1239.656377,842.705048,592.164754,9474.636058
1239.656696,766.095498,666.185348,9474.636058
1239.657015,612.876398,518.144159,9548.656652
1239.657334,766.095498,592.164754,9474.636058
1239.657652,306.438199,814.226536,9622.677246
1239.657971,459.657299,666.185348,9622.677246
1239.658290,153.219100,740.205942,9696.697840
1239.658609,306.438199,666.185348,9548.656652
1239.658928,76.609550,518.144159,9696.697840
1239.659247,229.828649,518.144159,9622.677246
1239.659566,76.609550,370.102971,9622.677246
1239.659885,0.000000,740.205942,9844.739029
1239.660204,0.000000,592.164754,9548.656652
1239.660522,0.000000,740.205942,9548.656652
1239.660841,0.000000,962.267725,9474.636058
1239.661160,76.609550,814.226536,9474.636058
1239.661479,0.000000,888.247130,9474.636058
1239.661798,0.000000,740.205942,9400.615463
1239.662117,-383.047749,962.267725,9400.615463
1239.662436,383.047749,962.267725,9252.574275
1239.662755,76.609550,888.247130,9326.594869
1239.663074,306.438199,962.267725,9178.553681
1239.663393,536.266849,888.247130,9178.553681
1239.663711,383.047749,814.226536,9178.553681
1239.664030,536.266849,740.205942,9030.512492
1239.664349,612.876398,592.164754,9178.553681
1239.664668,306.438199,444.123565,9178.553681
1239.664987,689.485948,370.102971,9252.574275
1239.665306,383.047749,666.185348,9548.656652
1239.665625,306.438199,370.102971,9030.512492
1239.665944,229.828649,518.144159,8882.471304
1239.666263,306.438199,-0.000000,9326.594869
1239.666581,459.657299,-0.000000,9104.533087
1239.666900,383.047749,-74.020594,9030.512492
1239.667219,383.047749,-0.000000,9104.533087
1239.667538,459.657299,-148.041188,9326.594869
1239.667857,383.047749,-370.102971,9252.574275
1239.668176,0.000000,-148.041188,9400.615463
1239.668495,0.000000,-444.123565,9104.533087
1239.668814,153.219100,-148.041188,9400.615463
1239.669133,536.266849,-222.061783,9178.553681
1239.669451,612.876398,-370.102971,9178.553681
1239.669770,306.438199,-296.082377,8956.491898
1239.670089,459.657299,-148.041188,9178.553681
1239.670408,229.828649,-74.020594,9178.553681
1239.670727,383.047749,-296.082377,9178.553681
1239.671046,536.266849,-0.000000,9252.574275
1239.671365,306.438199,-0.000000,9326.594869
1239.671684,536.266849,-0.000000,8882.471304
1239.672003,612.876398,-0.000000,9178.553681
1239.672322,612.876398,222.061783,9030.512492
1239.672640,306.438199,-0.000000,9104.533087
1239.672959,689.485948,296.082377,8956.491898
1239.673278,919.314598,296.082377,8808.450710
1239.673597,1149.143247,370.102971,8882.471304
1239.673916,1302.362347,222.061783,9178.553681
1239.674235,1378.971896,222.061783,9178.553681
1239.674554,766.095498,148.041188,8882.471304
1239.674873,766.095498,222.061783,9326.594869
1239.675192,689.485948,-0.000000,9030.512492
1239.675511,536.266849,-0.000000,9474.636058
1239.675830,306.438199,-0.000000,9178.553681
1239.676149,766.095498,-0.000000,9252.574275
1239.676468,689.485948,-0.000000,9474.636058
1239.676787,306.438199,-0.000000,9474.636058
1239.677106,153.219100,-0.000000,9548.656652
1239.677425,76.609550,-0.000000,9474.636058
1239.677744,536.266849,-0.000000,9400.615463
1239.678062,0.000000,-0.000000,9622.677246
1239.678381,76.609550,296.082377,9474.636058
1239.678700,1072.533697,370.102971,9326.594869
1239.679019,76.609550,296.082377,9474.636058
1239.679338,76.609550,222.061783,9474.636058
1239.679657,229.828649,296.082377,9548.656652
1239.679976,306.438199,370.102971,9548.656652
1239.680295,0.000000,518.144159,9474.636058
1239.680614,153.219100,518.144159,9474.636058
1239.680933,536.266849,740.205942,9474.636058
1239.681252,459.657299,740.205942,9474.636058
1239.681571,306.438199,740.205942,9104.533087
1239.681890,536.266849,888.247130,9400.615463
1239.682209,766.095498,814.226536,9474.636058
1239.682528,766.095498,814.226536,9252.574275
1239.682847,612.876398,962.267725,9400.615463
1239.683166,1072.533697,888.247130,9104.533087
1239.683484,689.485948,888.247130,9326.594869
1239.683803,1072.533697,888.247130,9030.512492
1239.684122,766.095498,666.185348,9104.533087
1239.684441,1149.143247,666.185348,9104.533087
1239.684760,766.095498,666.185348,9178.553681
1239.685079,766.095498,444.123565,9030.512492
1239.685398,766.095498,444.123565,9178.553681
1239.685717,842.705048,370.102971,9178.553681
1239.686036,459.657299,666.185348,9474.636058
1239.686355,536.266849,296.082377,9104.533087
1239.686674,536.266849,148.041188,9030.512492
1239.686993,383.047749,-0.000000,9178.553681
1239.687312,612.876398,148.041188,9400.615463
1239.687631,459.657299,-148.041188,9104.533087
1239.687950,76.609550,-222.061783,9104.533087
1239.688269,459.657299,-148.041188,9474.636058
1239.688588,229.828649,-148.041188,9474.636058
1239.688906,383.047749,-296.082377,9474.636058
1239.689225,229.828649,-296.082377,9252.574275
1239.689544,229.828649,-148.041188,9252.574275
1239.689863,229.828649,-0.000000,9178.553681
1239.690182,459.657299,-148.041188,8956.491898
1239.690501,229.828649,-148.041188,9178.553681
1239.690820,0.000000,-222.061783,8956.491898
1239.691139,306.438199,-74.020594,9326.594869
1239.691458,306.438199,-222.061783,9178.553681
1239.691777,536.266849,-0.000000,9104.533087
1239.692096,1302.362347,-0.000000,9252.574275
1239.692415,766.095498,-0.000000,9030.512492
1239.692734,842.705048,-0.000000,9030.512492
1239.693053,1149.143247,-0.000000,9030.512492
1239.693372,1072.533697,370.102971,9178.553681
1239.693691,995.924147,296.082377,8956.491898
1239.694010,1149.143247,-0.000000,8882.471304
1239.694328,1225.752797,-148.041188,8882.471304
1239.694647,1455.581446,-0.000000,8956.491898
1239.694966,1225.752797,-0.000000,8882.471304
1239.695285,919.314598,-0.000000,9474.636058
1239.695604,1072.533697,-0.000000,9030.512492
1239.695923,1149.143247,-0.000000,9326.594869
1239.696242,995.924147,-0.000000,9178.553681
1239.696561,995.924147,-0.000000,9326.594869
1239.696880,995.924147,-0.000000,9252.574275
1239.697199,919.314598,-0.000000,9474.636058
1239.697518,383.047749,-74.020594,9474.636058
1239.697837,689.485948,-0.000000,9400.615463
1239.698156,459.657299,-0.000000,9474.636058
1239.698475,306.438199,-222.061783,9474.636058
1239.698794,229.828649,-0.000000,9326.594869
1239.699113,76.609550,222.061783,9474.636058
1239.699432,153.219100,148.041188,9474.636058
1239.699750,536.266849,222.061783,9474.636058
1239.700069,306.438199,-0.000000,9622.677246
1239.700388,0.000000,296.082377,9474.636058
1239.700707,-153.219100,370.102971,9326.594869
1239.701026,229.828649,444.123565,9400.615463
1239.701345,153.219100,370.102971,9400.615463
1239.701664,153.219100,518.144159,9548.656652
1239.701983,153.219100,888.247130,9326.594869
1239.702302,76.609550,740.205942,9400.615463
1239.702621,306.438199,962.267725,9178.553681
1239.702940,383.047749,888.247130,8956.491898
1239.703259,229.828649,1110.308913,9326.594869
1239.703578,306.438199,814.226536,9030.512492
1239.703897,689.485948,1258.350101,9400.615463
1239.704216,536.266849,962.267725,9104.533087
1239.704535,689.485948,740.205942,9178.553681
1239.704854,383.047749,962.267725,9178.553681
1239.705172,306.438199,1110.308913,9178.553681
1239.705491,383.047749,1036.288319,9178.553681
1239.705810,536.266849,962.267725,9326.594869
1239.706129,842.705048,666.185348,9400.615463
1239.706448,536.266849,888.247130,9474.636058
1239.706767,306.438199,518.144159,9400.615463
1239.707086,536.266849,666.185348,9326.594869
1239.707405,612.876398,592.164754,9326.594869
1239.707724,383.047749,518.144159,9326.594869
1239.708043,306.438199,518.144159,9474.636058
1239.708362,306.438199,296.082377,9252.574275
1239.708681,153.219100,592.164754,9474.636058
1239.709000,153.219100,592.164754,9622.677246
1239.709319,153.219100,370.102971,9178.553681
1239.709638,383.047749,444.123565,9474.636058
1239.709957,153.219100,296.082377,9326.594869
1239.710276,306.438199,444.123565,9474.636058
1239.710594,0.000000,-0.000000,9548.656652
1239.710913,76.609550,370.102971,9474.636058
1239.711232,229.828649,518.144159,9474.636058
1239.711551,383.047749,444.123565,9474.636058
1239.711870,0.000000,370.102971,9474.636058
1239.712189,536.266849,370.102971,9474.636058
1239.712508,306.438199,296.082377,9400.615463
1239.712827,689.485948,814.226536,9474.636058
1239.713146,689.485948,518.144159,9178.553681
1239.713465,766.095498,222.061783,9030.512492
1239.713784,919.314598,296.082377,9252.574275
1239.714103,919.314598,370.102971,9104.533087
1239.714422,1072.533697,444.123565,9252.574275
1239.714741,995.924147,370.102971,8956.491898
1239.715060,995.924147,-0.000000,8808.450710
1239.715379,1072.533697,370.102971,9104.533087
1239.715698,995.924147,370.102971,8956.491898
1239.716016,766.095498,-0.000000,9030.512492
1239.716335,612.876398,222.061783,9252.574275
1239.716654,689.485948,-0.000000,9030.512492
1239.716973,612.876398,-0.000000,9178.553681
1239.717292,766.095498,-0.000000,9178.553681
1239.717611,689.485948,-0.000000,9326.594869
1239.717930,459.657299,-0.000000,9178.553681
1239.718249,536.266849,-0.000000,9104.533087
1239.718568,612.876398,-74.020594,9178.553681
1239.718887,306.438199,-0.000000,9104.533087
1239.719206,689.485948,148.041188,9474.636058
1239.719525,689.485948,-0.000000,9400.615463
1239.719844,153.219100,222.061783,9326.594869
1239.720163,153.219100,-0.000000,9178.553681
1239.720482,306.438199,296.082377,9104.533087
1239.720801,459.657299,-0.000000,9104.533087
1239.721120,153.219100,444.123565,9326.594869
1239.721438,76.609550,444.123565,9178.553681
1239.721757,229.828649,518.144159,9178.553681
1239.722076,383.047749,444.123565,9178.553681
1239.722395,153.219100,444.123565,9104.533087
1239.722714,76.609550,444.123565,9178.553681
1239.723033,536.266849,592.164754,9178.553681
1239.723352,459.657299,814.226536,9104.533087
1239.723671,536.266849,814.226536,8956.491898
1239.723990,229.828649,666.185348,9178.553681
1239.724309,612.876398,814.226536,8956.491898
1239.724628,612.876398,814.226536,9326.594869
1239.724947,689.485948,740.205942,9178.553681
1239.725266,612.876398,814.226536,9252.574275
1239.725585,612.876398,740.205942,9474.636058
1239.725904,0.000000,666.185348,9326.594869
1239.726223,383.047749,740.205942,9326.594869
1239.726542,306.438199,740.205942,9400.615463
1239.726860,306.438199,814.226536,9326.594869
1239.727179,76.609550,592.164754,9474.636058
1239.727498,153.219100,592.164754,9474.636058
1239.727817,229.828649,666.185348,9548.656652
1239.728136,229.828649,296.082377,9474.636058
1239.728455,229.828649,444.123565,9696.697840
1239.728774,229.828649,518.144159,9400.615463
1239.729093,229.828649,740.205942,9548.656652
1239.729412,229.828649,814.226536,9474.636058
1239.729731,0.000000,740.205942,9474.636058
1239.730050,0.000000,444.123565,9474.636058
1239.730369,0.000000,666.185348,9622.677246
1239.730688,0.000000,518.144159,9474.636058
1239.731007,0.000000,740.205942,9474.636058
1239.731326,0.000000,666.185348,9474.636058
1239.731645,76.609550,592.164754,9474.636058
1239.731964,76.609550,740.205942,9474.636058
1239.732282,459.657299,814.226536,9178.553681
1239.732601,536.266849,666.185348,9400.615463
1239.732920,383.047749,740.205942,9326.594869
1239.733239,383.047749,666.185348,9252.574275
1239.733558,689.485948,888.247130,9030.512492
1239.733877,689.485948,814.226536,9178.553681
1239.734196,689.485948,814.226536,9178.553681
1239.734515,383.047749,592.164754,9178.553681
1239.734834,842.705048,592.164754,9252.574275
1239.735153,766.095498,592.164754,9178.553681
1239.735472,689.485948,518.144159,9178.553681
1239.735791,842.705048,444.123565,9104.533087
1239.736110,842.705048,518.144159,9104.533087
1239.736429,919.314598,148.041188,8956.491898
1239.736748,689.485948,296.082377,9252.574275
1239.737067,612.876398,222.061783,9104.533087
1239.737386,383.047749,-0.000000,9400.615463
1239.737704,766.095498,-0.000000,9252.574275
1239.738023,229.828649,-222.061783,9400.615463
1239.738342,612.876398,-0.000000,9252.574275
1239.738661,536.266849,-0.000000,9178.553681
1239.738980,383.047749,-0.000000,9252.574275
1239.739299,76.609550,-74.020594,9252.574275
1239.739618,306.438199,-0.000000,9178.553681
1239.739937,153.219100,-0.000000,9178.553681
1239.740256,76.609550,-0.000000,9474.636058
1239.740575,0.000000,-0.000000,9326.594869
1239.740894,-229.828649,-0.000000,9400.615463
1239.741213,-153.219100,-0.000000,9474.636058
1239.741532,-306.438199,148.041188,9252.574275
1239.741851,0.000000,-0.000000,9030.512492
1239.742170,76.609550,444.123565,9178.553681
1239.742489,0.000000,148.041188,9178.553681
1239.742808,76.609550,370.102971,9178.553681
1239.743126,612.876398,444.123565,9252.574275
1239.743445,229.828649,666.185348,9178.553681
1239.743764,306.438199,518.144159,9030.512492
1239.744083,689.485948,444.123565,9178.553681
1239.744402,383.047749,666.185348,9178.553681
1239.744721,612.876398,666.185348,8882.471304
1239.745040,536.266849,814.226536,9104.533087
1239.745359,612.876398,666.185348,9104.533087
1239.745678,842.705048,666.185348,9400.615463
1239.745997,842.705048,666.185348,9252.574275
1239.746316,689.485948,370.102971,9178.553681
1239.746635,766.095498,518.144159,9104.533087
1239.746954,383.047749,444.123565,9178.553681
1239.747273,612.876398,222.061783,9252.574275
1239.747592,842.705048,296.082377,9326.594869
1239.747911,766.095498,444.123565,9400.615463
1239.748230,0.000000,-0.000000,9326.594869
1239.748548,536.266849,222.061783,9252.574275
1239.748867,459.657299,444.123565,9474.636058
1239.749186,306.438199,370.102971,9326.594869
1239.749505,383.047749,296.082377,9400.615463
1239.749824,536.266849,592.164754,9548.656652
1239.750143,229.828649,296.082377,9178.553681
1239.750462,383.047749,592.164754,9474.636058
1239.750781,153.219100,148.041188,9178.553681
1239.751100,153.219100,222.061783,9400.615463
1239.751419,0.000000,518.144159,9548.656652
1239.751738,459.657299,592.164754,9326.594869
1239.752057,0.000000,518.144159,9400.615463
1239.752376,306.438199,518.144159,9474.636058
1239.752695,459.657299,296.082377,9474.636058
1239.753014,229.828649,592.164754,9474.636058
1239.753333,459.657299,592.164754,9400.615463
1239.753652,459.657299,666.185348,9178.553681
1239.753970,536.266849,666.185348,9104.533087
1239.754289,536.266849,592.164754,9252.574275
1239.754608,536.266849,666.185348,8882.471304
1239.754927,612.876398,592.164754,9030.512492
1239.755246,689.485948,592.164754,9178.553681
1239.755565,612.876398,370.102971,9104.533087
1239.755884,766.095498,-0.000000,8882.471304
1239.756203,612.876398,370.102971,9178.553681
1239.756522,459.657299,148.041188,9252.574275
1239.756841,383.047749,148.041188,9326.594869
1239.757160,229.828649,-0.000000,9326.594869
1239.757479,383.047749,-0.000000,9474.636058
1239.757798,536.266849,-148.041188,9326.594869
1239.758117,612.876398,-74.020594,9400.615463
1239.758436,536.266849,-148.041188,9400.615463
1239.758755,383.047749,-74.020594,9400.615463
1239.759074,306.438199,-0.000000,9548.656652
1239.759392,536.266849,-0.000000,9400.615463
1239.759711,612.876398,-74.020594,9326.594869
1239.760030,536.266849,-74.020594,9326.594869
1239.760349,383.047749,-74.020594,9326.594869
1239.760668,612.876398,-0.000000,9326.594869
1239.760987,459.657299,-0.000000,9474.636058
1239.761306,383.047749,-0.000000,9252.574275
1239.761625,766.095498,222.061783,9326.594869
1239.761944,1302.362347,-0.000000,9252.574275
1239.762263,536.266849,-0.000000,9178.553681
1239.762582,689.485948,148.041188,9104.533087
1239.762901,459.657299,444.123565,9104.533087
1239.763220,919.314598,370.102971,9030.512492
1239.763539,689.485948,444.123565,9104.533087
1239.763858,459.657299,444.123565,8882.471304
1239.764177,766.095498,370.102971,9104.533087
1239.764496,842.705048,370.102971,9104.533087
1239.764814,689.485948,370.102971,8956.491898
1239.765133,689.485948,370.102971,8956.491898
1239.765452,459.657299,370.102971,9178.553681
1239.765771,459.657299,444.123565,9104.533087
1239.766090,536.266849,370.102971,9104.533087
1239.766409,153.219100,444.123565,9474.636058
1239.766728,459.657299,-0.000000,8660.409521
1239.767047,153.219100,74.020594,9252.574275
1239.767366,383.047749,370.102971,9104.533087
1239.767685,306.438199,296.082377,9178.553681
1239.768004,0.000000,-0.000000,9474.636058
1239.768323,153.219100,222.061783,9326.594869
1239.768642,76.609550,444.123565,9326.594869
1239.768961,76.609550,-0.000000,9104.533087
1239.769280,153.219100,296.082377,9474.636058
1239.769599,229.828649,222.061783,9326.594869
1239.769918,229.828649,296.082377,9400.615463
1239.770236,0.000000,-0.000000,9252.574275
1239.770555,76.609550,444.123565,9400.615463
1239.770874,0.000000,518.144159,9474.636058
1239.771193,0.000000,444.123565,9326.594869
1239.771512,0.000000,518.144159,9474.636058
1239.771831,0.000000,592.164754,9474.636058
1239.772150,0.000000,666.185348,9474.636058
1239.772468,153.219100,518.144159,9696.697840
1239.772787,459.657299,740.205942,9474.636058
1239.773106,383.047749,740.205942,9252.574275
1239.773425,383.047749,962.267725,9326.594869
1239.773743,689.485948,740.205942,9400.615463
1239.774062,689.485948,814.226536,9474.636058
1239.774381,766.095498,740.205942,9326.594869
1239.774700,766.095498,888.247130,9252.574275
1239.775018,842.705048,740.205942,9252.574275
1239.775337,1225.752797,518.144159,9252.574275
1239.775656,995.924147,666.185348,9400.615463
1239.775975,919.314598,370.102971,9326.594869
1239.776293,1072.533697,518.144159,9252.574275
1239.776612,689.485948,370.102971,9326.594869
1239.776931,919.314598,444.123565,9474.636058
1239.777250,536.266849,-0.000000,9326.594869
1239.777568,689.485948,222.061783,9178.553681
1239.777887,689.485948,-0.000000,9400.615463
1239.778206,459.657299,-0.000000,9474.636058
1239.778524,612.876398,-0.000000,9400.615463
1239.778843,153.219100,-0.000000,9400.615463
1239.779162,383.047749,-0.000000,9252.574275
1239.779481,306.438199,-0.000000,9178.553681
1239.779799,229.828649,-222.061783,9252.574275
1239.780118,0.000000,-74.020594,9548.656652
1239.780437,306.438199,-148.041188,9178.553681
1239.780756,383.047749,-148.041188,9326.594869
1239.781074,76.609550,-222.061783,9252.574275
1239.781393,229.828649,-148.041188,9104.533087
1239.781712,153.219100,-0.000000,9400.615463
1239.782031,76.609550,148.041188,9104.533087
1239.782349,306.438199,-0.000000,9104.533087
1239.782668,306.438199,148.041188,9030.512492
1239.782987,383.047749,444.123565,9178.553681
1239.783306,459.657299,148.041188,8734.430116
1239.783624,766.095498,444.123565,9030.512492
1239.783943,689.485948,444.123565,8808.450710
1239.784262,842.705048,666.185348,8956.491898
1239.784581,995.924147,370.102971,8734.430116
1239.784899,995.924147,518.144159,8586.388927
1239.785218,919.314598,370.102971,8882.471304
1239.785537,766.095498,518.144159,8956.491898
1239.785855,766.095498,370.102971,9030.512492
1239.786174,842.705048,518.144159,9326.594869
1239.786493,842.705048,222.061783,9252.574275
1239.786812,536.266849,-0.000000,9104.533087
1239.787130,612.876398,148.041188,9104.533087
1239.787449,689.485948,222.061783,9030.512492
1239.787768,1302.362347,222.061783,9252.574275
1239.788087,536.266849,148.041188,9252.574275
1239.788405,612.876398,148.041188,9178.553681
1239.788724,536.266849,222.061783,9400.615463
1239.789043,459.657299,296.082377,9252.574275
1239.789362,306.438199,518.144159,9474.636058
1239.789680,306.438199,148.041188,9400.615463
1239.789999,536.266849,296.082377,9326.594869
1239.790318,612.876398,370.102971,9326.594869
1239.790637,383.047749,148.041188,9474.636058
1239.790955,306.438199,370.102971,9474.636058
1239.791274,383.047749,444.123565,9474.636058
1239.791593,229.828649,222.061783,9400.615463
1239.791911,306.438199,444.123565,9474.636058
1239.792230,459.657299,518.144159,9474.636058
1239.792549,459.657299,222.061783,9326.594869
1239.792868,383.047749,370.102971,9474.636058
1239.793186,842.705048,592.164754,9178.553681
1239.793505,612.876398,814.226536,9326.594869
1239.793824,919.314598,814.226536,9474.636058
1239.794143,919.314598,222.061783,9474.636058
1239.794461,919.314598,814.226536,9400.615463
1239.794780,1149.143247,666.185348,9326.594869
1239.795099,1149.143247,518.144159,9400.615463
1239.795418,612.876398,296.082377,9326.594869
1239.795736,1149.143247,518.144159,9474.636058
1239.796055,919.314598,592.164754,9030.512492
1239.796374,229.828649,148.041188,9178.553681
1239.796693,689.485948,518.144159,9400.615463
1239.797011,536.266849,370.102971,9252.574275
1239.797330,689.485948,148.041188,9474.636058
1239.797649,383.047749,296.082377,9400.615463
1239.797968,306.438199,222.061783,9400.615463
1239.798286,383.047749,296.082377,9474.636058
1239.798605,536.266849,-0.000000,9252.574275
1239.798924,76.609550,-0.000000,9400.615463
1239.799242,306.438199,-0.000000,8956.491898
1239.799561,229.828649,-0.000000,9474.636058
1239.799880,153.219100,-0.000000,9178.553681
1239.800199,0.000000,-222.061783,9326.594869
1239.800517,0.000000,-0.000000,9252.574275
1239.800836,153.219100,222.061783,9400.615463
1239.801155,0.000000,148.041188,9400.615463
1239.801474,0.000000,370.102971,9326.594869
1239.801792,0.000000,222.061783,9178.553681
1239.802111,0.000000,148.041188,9178.553681
1239.802430,153.219100,666.185348,8956.491898
1239.802749,459.657299,518.144159,9252.574275
1239.803067,229.828649,518.144159,9104.533087
1239.803386,306.438199,444.123565,9178.553681
1239.803705,306.438199,518.144159,8882.471304
1239.804024,459.657299,592.164754,8956.491898
1239.804342,459.657299,666.185348,8734.430116
1239.804661,919.314598,814.226536,8882.471304
1239.804980,689.485948,444.123565,8882.471304
1239.805298,1072.533697,666.185348,8882.471304
1239.805617,612.876398,444.123565,9104.533087
1239.805936,612.876398,296.082377,8882.471304
1239.806255,689.485948,518.144159,9178.553681
1239.806573,766.095498,518.144159,9030.512492
1239.806892,383.047749,296.082377,9104.533087
1239.807211,612.876398,518.144159,9252.574275
1239.807530,536.266849,296.082377,9252.574275
1239.807848,689.485948,444.123565,9622.677246
1239.808167,536.266849,518.144159,9474.636058
1239.808486,229.828649,148.041188,9252.574275
1239.808805,229.828649,148.041188,9474.636058
1239.809123,383.047749,-0.000000,9400.615463
1239.809442,459.657299,-0.000000,9474.636058
1239.809761,306.438199,296.082377,9474.636058
1239.810080,306.438199,370.102971,9400.615463
1239.810398,153.219100,148.041188,9474.636058
1239.810717,-229.828649,296.082377,9474.636058
1239.811036,-153.219100,222.061783,9326.594869
1239.811355,0.000000,222.061783,9474.636058
1239.811673,76.609550,592.164754,9622.677246
1239.811992,0.000000,518.144159,9548.656652
1239.812311,612.876398,296.082377,9696.697840
1239.812629,229.828649,666.185348,9474.636058
1239.812948,229.828649,666.185348,9400.615463
1239.813267,383.047749,888.247130,9474.636058
1239.813586,459.657299,814.226536,9252.574275
1239.813904,536.266849,888.247130,9252.574275
1239.814223,689.485948,962.267725,9326.594869
1239.814542,689.485948,888.247130,9326.594869
1239.814861,689.485948,740.205942,9104.533087
1239.815179,1225.752797,370.102971,9326.594869
1239.815498,842.705048,740.205942,9252.574275
1239.815817,919.314598,740.205942,9178.553681
1239.816136,919.314598,666.185348,9178.553681
1239.816454,842.705048,666.185348,9178.553681
1239.816773,766.095498,370.102971,9104.533087
1239.817092,612.876398,518.144159,9326.594869
1239.817411,995.924147,518.144159,9326.594869
1239.817729,689.485948,444.123565,9474.636058
1239.818048,536.266849,148.041188,9400.615463
1239.818367,0.000000,148.041188,9474.636058
1239.818685,689.485948,444.123565,9326.594869
1239.819004,383.047749,222.061783,9400.615463
1239.819323,536.266849,-0.000000,9326.594869
1239.819642,766.095498,-0.000000,9474.636058
1239.819960,536.266849,-0.000000,9400.615463
1239.820279,306.438199,-0.000000,9400.615463
1239.820598,0.000000,444.123565,9400.615463
1239.820917,0.000000,-0.000000,9474.636058
1239.821235,-153.219100,-0.000000,9474.636058
1239.821554,0.000000,222.061783,8956.491898
1239.821873,0.000000,-0.000000,9548.656652
1239.822192,0.000000,148.041188,9252.574275
1239.822510,0.000000,148.041188,9178.553681
1239.822829,-229.828649,444.123565,9326.594869
1239.823148,0.000000,444.123565,9030.512492
1239.823467,76.609550,296.082377,9252.574275
1239.823785,306.438199,518.144159,8808.450710
1239.824104,229.828649,518.144159,8956.491898
1239.824423,689.485948,666.185348,9030.512492
1239.824742,612.876398,666.185348,8956.491898
1239.825060,306.438199,444.123565,9178.553681
1239.825379,612.876398,518.144159,8882.471304
1239.825698,459.657299,222.061783,8808.450710
1239.826016,0.000000,370.102971,8734.430116
1239.826335,459.657299,592.164754,8956.491898
1239.826654,536.266849,592.164754,9030.512492
1239.826973,612.876398,370.102971,9030.512492
1239.827291,1072.533697,444.123565,9178.553681
1239.827610,919.314598,518.144159,9252.574275
1239.827929,766.095498,518.144159,9178.553681
1239.828248,459.657299,518.144159,9400.615463
1239.828566,536.266849,296.082377,9030.512492
1239.828885,612.876398,222.061783,9252.574275
1239.829204,612.876398,222.061783,9326.594869
1239.829523,536.266849,370.102971,9326.594869
1239.829841,536.266849,148.041188,9474.636058
1239.830160,306.438199,296.082377,9326.594869
1239.830479,383.047749,-0.000000,9400.615463
1239.830798,76.609550,-0.000000,9622.677246
1239.831116,383.047749,444.123565,9474.636058
1239.831435,76.609550,370.102971,9770.718434
1239.831754,76.609550,370.102971,9474.636058
1239.832072,842.705048,296.082377,9696.697840
1239.832391,153.219100,592.164754,9400.615463
1239.832710,383.047749,666.185348,9474.636058
1239.833029,153.219100,740.205942,9474.636058
1239.833347,383.047749,666.185348,9400.615463
1239.833666,229.828649,962.267725,9474.636058
1239.833985,612.876398,814.226536,9178.553681
1239.834304,306.438199,740.205942,9474.636058
1239.834622,459.657299,1036.288319,9178.553681
1239.834941,536.266849,740.205942,9326.594869
1239.835260,459.657299,740.205942,9252.574275
1239.835579,612.876398,888.247130,9474.636058
1239.835897,536.266849,592.164754,9400.615463
1239.836216,612.876398,592.164754,9326.594869
1239.836535,995.924147,592.164754,9326.594869
1239.836854,612.876398,444.123565,9178.553681
1239.837172,229.828649,444.123565,9474.636058
1239.837491,383.047749,740.205942,9252.574275
1239.837810,383.047749,222.061783,9326.594869
1239.838129,383.047749,518.144159,9548.656652
1239.838447,229.828649,296.082377,9474.636058
1239.838766,383.047749,370.102971,9548.656652
1239.839085,536.266849,148.041188,9326.594869
1239.839403,383.047749,222.061783,9474.636058
1239.839722,612.876398,-0.000000,9400.615463
1239.840041,383.047749,222.061783,9474.636058
1239.840360,0.000000,-0.000000,9474.636058
1239.840678,153.219100,148.041188,9474.636058
1239.840997,612.876398,-0.000000,9400.615463
1239.841316,306.438199,-0.000000,9326.594869
1239.841635,229.828649,148.041188,9474.636058
1239.841953,153.219100,148.041188,9400.615463
1239.842272,229.828649,296.082377,9400.615463
1239.842591,383.047749,148.041188,9474.636058
1239.842910,612.876398,296.082377,8956.491898
1239.843228,536.266849,222.061783,9178.553681
1239.843547,842.705048,518.144159,9104.533087
1239.843866,612.876398,-0.000000,8956.491898
1239.844185,689.485948,444.123565,9104.533087
1239.844503,766.095498,148.041188,8660.409521
1239.844822,536.266849,296.082377,9104.533087
1239.845141,689.485948,296.082377,8808.450710
1239.845459,842.705048,-0.000000,8660.409521
1239.845778,536.266849,222.061783,8956.491898
1239.846097,536.266849,296.082377,9104.533087
1239.846416,689.485948,370.102971,9104.533087
1239.846734,612.876398,-0.000000,9178.553681
1239.847053,919.314598,-74.020594,9326.594869
1239.847372,766.095498,148.041188,8956.491898
1239.847691,383.047749,-0.000000,9104.533087
1239.848009,383.047749,148.041188,9104.533087
1239.848328,612.876398,-0.000000,9178.553681
1239.848647,459.657299,-74.020594,9400.615463
1239.848966,306.438199,-148.041188,9252.574275
1239.849284,153.219100,148.041188,9400.615463
1239.849603,306.438199,-0.000000,9326.594869
1239.849922,612.876398,-0.000000,9474.636058
1239.850241,842.705048,-74.020594,9400.615463
1239.850559,536.266849,148.041188,9400.615463
1239.850878,306.438199,-0.000000,9252.574275
1239.851197,383.047749,-0.000000,9252.574275
1239.851516,229.828649,444.123565,9474.636058
1239.851834,459.657299,148.041188,9252.574275
1239.852153,229.828649,444.123565,9326.594869
1239.852472,383.047749,222.061783,9326.594869
1239.852790,612.876398,370.102971,9326.594869
1239.853109,459.657299,-0.000000,9252.574275
1239.853428,689.485948,666.185348,9474.636058
1239.853747,459.657299,592.164754,9400.615463
1239.854065,536.266849,592.164754,9252.574275
1239.854384,842.705048,666.185348,9400.615463
1239.854703,919.314598,666.185348,9104.533087
1239.855022,1149.143247,592.164754,8956.491898
1239.855340,1072.533697,666.185348,9104.533087
1239.855659,919.314598,666.185348,8956.491898
1239.855978,1149.143247,666.185348,9178.553681
1239.856297,1378.971896,814.226536,9030.512492
1239.856615,995.924147,666.185348,9030.512492
1239.856934,766.095498,444.123565,9104.533087
1239.857253,842.705048,518.144159,9178.553681
1239.857572,689.485948,518.144159,9326.594869
1239.857890,536.266849,148.041188,9474.636058
1239.858209,306.438199,370.102971,9474.636058
1239.858528,306.438199,-0.000000,9252.574275
1239.858846,306.438199,-0.000000,9252.574275
1239.859165,536.266849,-74.020594,9474.636058
1239.859484,383.047749,-0.000000,9770.718434
1239.859803,0.000000,222.061783,9696.697840
1239.860121,153.219100,222.061783,9474.636058
1239.860440,0.000000,-0.000000,9474.636058
1239.860759,-383.047749,-0.000000,9252.574275
1239.861078,76.609550,-0.000000,9474.636058
1239.861396,76.609550,222.061783,9548.656652
1239.861715,76.609550,148.041188,9548.656652
1239.862034,306.438199,-0.000000,9400.615463
1239.862353,306.438199,222.061783,9474.636058
1239.862671,76.609550,148.041188,9400.615463
1239.862990,0.000000,222.061783,9252.574275
1239.863309,383.047749,370.102971,9252.574275
1239.863628,383.047749,370.102971,9178.553681
1239.863946,306.438199,-74.020594,9030.512492
1239.864265,459.657299,518.144159,9178.553681
1239.864584,612.876398,666.185348,9030.512492
1239.864902,766.095498,592.164754,9178.553681
1239.865221,919.314598,666.185348,9474.636058
1239.865540,689.485948,444.123565,8882.471304
1239.865859,612.876398,222.061783,8882.471304
1239.866177,842.705048,518.144159,9030.512492
1239.866496,766.095498,444.123565,9030.512492
1239.866815,919.314598,444.123565,8956.491898
1239.867134,919.314598,-0.000000,9030.512492
1239.867452,766.095498,444.123565,8882.471304
1239.867771,612.876398,370.102971,9178.553681
1239.868090,536.266849,-0.000000,9104.533087
1239.868409,536.266849,148.041188,8882.471304
1239.868727,612.876398,296.082377,9178.553681
1239.869046,459.657299,148.041188,9178.553681
1239.869365,536.266849,-0.000000,9252.574275
1239.869684,383.047749,148.041188,9252.574275
1239.870002,153.219100,-148.041188,9474.636058
1239.870321,76.609550,148.041188,9326.594869
1239.870640,153.219100,-0.000000,9104.533087
1239.870959,0.000000,-0.000000,9252.574275
1239.871277,612.876398,148.041188,9252.574275
1239.871596,76.609550,148.041188,9474.636058
1239.871915,0.000000,74.020594,9400.615463
1239.872233,0.000000,296.082377,9252.574275
1239.872552,0.000000,296.082377,9474.636058
1239.872871,0.000000,370.102971,9326.594869
1239.873190,0.000000,370.102971,9474.636058
1239.873508,383.047749,296.082377,9252.574275
1239.873827,383.047749,444.123565,9326.594869
1239.874146,536.266849,518.144159,9474.636058
1239.874465,459.657299,666.185348,9326.594869
1239.874783,766.095498,740.205942,9030.512492
1239.875102,459.657299,222.061783,9326.594869
1239.875421,995.924147,666.185348,8956.491898
1239.875740,1608.800546,740.205942,9474.636058
1239.876059,842.705048,740.205942,9178.553681
1239.876377,995.924147,666.185348,9326.594869
1239.876696,1225.752797,666.185348,9252.574275
1239.877015,1149.143247,444.123565,9178.553681
1239.877334,1072.533697,592.164754,9400.615463
1239.877652,919.314598,370.102971,9326.594869
1239.877971,919.314598,518.144159,9326.594869
1239.878290,842.705048,296.082377,9178.553681
1239.878609,919.314598,370.102971,9326.594869
1239.878927,842.705048,222.061783,9400.615463
1239.879246,383.047749,-0.000000,9400.615463
1239.879565,842.705048,296.082377,9326.594869
1239.879884,536.266849,222.061783,9474.636058
1239.880203,229.828649,74.020594,9400.615463
1239.880521,306.438199,-0.000000,9474.636058
1239.880840,153.219100,148.041188,9474.636058
1239.881159,153.219100,222.061783,9474.636058
1239.881478,153.219100,222.061783,9474.636058
1239.881796,383.047749,222.061783,9474.636058
1239.882115,0.000000,-74.020594,9474.636058
1239.882434,153.219100,370.102971,9400.615463
1239.882753,306.438199,296.082377,9474.636058
1239.883071,0.000000,148.041188,9252.574275
1239.883390,76.609550,148.041188,9252.574275
1239.883709,0.000000,444.123565,9252.574275
1239.884028,229.828649,370.102971,9104.533087
1239.884346,459.657299,518.144159,9326.594869
1239.884665,459.657299,740.205942,9104.533087
1239.884984,306.438199,592.164754,9104.533087
1239.885303,306.438199,740.205942,9326.594869
1239.885622,306.438199,666.185348,8734.430116
1239.885940,459.657299,592.164754,8808.450710
1239.886259,612.876398,740.205942,9178.553681
1239.886578,536.266849,444.123565,9178.553681
1239.886897,536.266849,518.144159,9030.512492
1239.887215,383.047749,444.123565,9030.512492
1239.887534,383.047749,592.164754,9030.512492
1239.887853,919.314598,740.205942,9030.512492
1239.888172,0.000000,518.144159,9104.533087
1239.888490,76.609550,518.144159,9326.594869
1239.888809,536.266849,518.144159,9030.512492
1239.889128,153.219100,296.082377,9252.574275
1239.889447,0.000000,222.061783,9178.553681
1239.889765,76.609550,296.082377,9178.553681
1239.890084,229.828649,222.061783,9104.533087
1239.890403,306.438199,370.102971,9400.615463
1239.890722,76.609550,222.061783,9326.594869
1239.891041,229.828649,296.082377,9474.636058
1239.891359,229.828649,370.102971,9326.594869
1239.891678,0.000000,148.041188,9178.553681
1239.891997,0.000000,296.082377,9252.574275
1239.892316,0.000000,296.082377,9326.594869
1239.892634,0.000000,148.041188,9696.697840
1239.892953,153.219100,444.123565,9474.636058
1239.893272,153.219100,592.164754,9400.615463
1239.893591,306.438199,370.102971,9252.574275
1239.893909,459.657299,296.082377,9252.574275
1239.894228,842.705048,740.205942,9474.636058
1239.894547,536.266849,518.144159,9400.615463
1239.894866,919.314598,666.185348,9326.594869
1239.895184,842.705048,592.164754,9252.574275
1239.895503,995.924147,518.144159,9326.594869
1239.895822,919.314598,666.185348,9252.574275
1239.896141,995.924147,592.164754,9178.553681
1239.896460,842.705048,592.164754,9474.636058
1239.896778,842.705048,444.123565,9326.594869
1239.897097,995.924147,592.164754,9474.636058
1239.897416,612.876398,296.082377,9474.636058
1239.897735,995.924147,444.123565,9178.553681
1239.898053,766.095498,370.102971,9252.574275
1239.898372,766.095498,370.102971,9326.594869
1239.898691,919.314598,296.082377,9252.574275
1239.899010,536.266849,-0.000000,9474.636058
1239.899328,229.828649,222.061783,9474.636058
1239.899647,306.438199,148.041188,9326.594869
1239.899966,153.219100,-0.000000,9400.615463
1239.900285,0.000000,296.082377,9474.636058
1239.900604,153.219100,-0.000000,9400.615463
1239.900922,459.657299,444.123565,8956.491898
1239.901241,76.609550,148.041188,9252.574275
1239.901560,306.438199,222.061783,9400.615463
1239.901879,0.000000,-0.000000,9178.553681
1239.902197,153.219100,148.041188,8956.491898
1239.902516,0.000000,296.082377,9326.594869
1239.902835,229.828649,444.123565,9252.574275
1239.903154,229.828649,370.102971,9326.594869
1239.903472,0.000000,296.082377,9400.615463
1239.903791,306.438199,814.226536,8956.491898
1239.904110,306.438199,592.164754,9178.553681
1239.904429,383.047749,370.102971,8882.471304
1239.904747,612.876398,444.123565,8882.471304
1239.905066,612.876398,518.144159,8882.471304
1239.905385,536.266849,740.205942,8808.450710
1239.905704,689.485948,666.185348,8808.450710
1239.906023,612.876398,962.267725,8956.491898
1239.906341,612.876398,814.226536,8882.471304
1239.906660,536.266849,740.205942,8956.491898
1239.906979,766.095498,444.123565,9104.533087
1239.907298,612.876398,444.123565,9252.574275
1239.907616,766.095498,444.123565,8882.471304
1239.907935,766.095498,814.226536,9178.553681
1239.908254,459.657299,370.102971,9326.594869
1239.908573,229.828649,518.144159,9252.574275
1239.908891,306.438199,370.102971,9252.574275
1239.909210,383.047749,370.102971,9178.553681
1239.909529,229.828649,444.123565,9326.594869
1239.909848,153.219100,148.041188,9326.594869
1239.910166,383.047749,444.123565,9326.594869
1239.910485,153.219100,444.123565,9474.636058
1239.910804,153.219100,222.061783,9474.636058
1239.911123,153.219100,370.102971,9474.636058
1239.911442,-306.438199,74.020594,9474.636058
1239.911760,76.609550,444.123565,9696.697840
1239.912079,0.000000,-0.000000,9622.677246
1239.912398,-153.219100,222.061783,9474.636058
1239.912717,0.000000,296.082377,9474.636058
1239.913035,76.609550,444.123565,9474.636058
1239.913354,153.219100,444.123565,9474.636058
1239.913673,0.000000,518.144159,9622.677246
1239.913992,153.219100,518.144159,9548.656652
1239.914310,689.485948,740.205942,9326.594869
1239.914629,536.266849,592.164754,9326.594869
1239.914948,689.485948,666.185348,9178.553681
1239.915267,689.485948,740.205942,9474.636058
1239.915585,1149.143247,740.205942,9030.512492
1239.915904,1072.533697,666.185348,9252.574275
1239.916223,995.924147,592.164754,9252.574275
1239.916542,1302.362347,666.185348,9252.574275
1239.916861,1302.362347,222.061783,9326.594869
1239.917179,1072.533697,222.061783,9104.533087
1239.917498,1072.533697,518.144159,9326.594869
1239.917817,919.314598,222.061783,9326.594869
1239.918136,1072.533697,148.041188,9104.533087
1239.918454,766.095498,-0.000000,9400.615463
1239.918773,766.095498,-0.000000,9252.574275
1239.919092,766.095498,222.061783,9400.615463
1239.919411,612.876398,222.061783,9400.615463
1239.919729,459.657299,-0.000000,9252.574275
1239.920048,536.266849,-148.041188,9104.533087
1239.920367,229.828649,-148.041188,9326.594869
1239.920686,689.485948,148.041188,9326.594869
1239.921005,229.828649,-0.000000,9252.574275
1239.921323,76.609550,-370.102971,9104.533087
1239.921642,0.000000,-0.000000,9400.615463
1239.921961,153.219100,-0.000000,9326.594869
1239.922280,0.000000,-0.000000,9326.594869
1239.922598,0.000000,-0.000000,9252.574275
1239.922917,229.828649,222.061783,9474.636058
1239.923236,153.219100,-0.000000,9030.512492
1239.923555,76.609550,222.061783,9400.615463
1239.923873,0.000000,148.041188,8956.491898
1239.924192,306.438199,444.123565,8956.491898
1239.924511,459.657299,148.041188,9178.553681
1239.924830,229.828649,444.123565,8808.450710
1239.925148,383.047749,518.144159,8808.450710
1239.925467,459.657299,518.144159,8882.471304
1239.925786,689.485948,222.061783,8956.491898
1239.926105,612.876398,814.226536,8956.491898
1239.926424,919.314598,666.185348,8956.491898
1239.926742,536.266849,370.102971,8956.491898
1239.927061,842.705048,592.164754,8808.450710
1239.927380,689.485948,296.082377,8882.471304
1239.927699,689.485948,592.164754,8956.491898
1239.928017,612.876398,370.102971,9104.533087
1239.928336,766.095498,370.102971,9030.512492
1239.928655,689.485948,370.102971,9104.533087
1239.928974,459.657299,370.102971,9030.512492
1239.929292,612.876398,296.082377,9104.533087
1239.929611,536.266849,518.144159,9400.615463
1239.929930,383.047749,296.082377,9326.594869
1239.930249,306.438199,296.082377,9178.553681
1239.930567,459.657299,518.144159,9474.636058
1239.930886,459.657299,444.123565,9178.553681
1239.931205,153.219100,444.123565,9474.636058
1239.931524,306.438199,444.123565,9474.636058
1239.931843,76.609550,222.061783,9400.615463
1239.932161,153.219100,666.185348,9474.636058
1239.932480,-153.219100,148.041188,9252.574275
1239.932799,0.000000,518.144159,9622.677246
1239.933118,76.609550,592.164754,9696.697840
1239.933436,306.438199,222.061783,9474.636058
1239.933755,153.219100,444.123565,9400.615463
1239.934074,0.000000,518.144159,9474.636058
1239.934393,229.828649,370.102971,9326.594869
1239.934711,689.485948,666.185348,9474.636058
1239.935030,689.485948,444.123565,9474.636058
1239.935349,306.438199,592.164754,9474.636058
1239.935668,995.924147,740.205942,9178.553681
1239.935987,919.314598,666.185348,9252.574275
1239.936305,459.657299,370.102971,9326.594869
1239.936624,995.924147,444.123565,9326.594869
1239.936943,995.924147,518.144159,9474.636058
1239.937262,995.924147,444.123565,9252.574275
1239.937580,1378.971896,444.123565,9252.574275
1239.937899,689.485948,296.082377,9400.615463
1239.938218,842.705048,444.123565,9474.636058
1239.938537,842.705048,222.061783,9400.615463
1239.938855,842.705048,222.061783,9400.615463
1239.939174,919.314598,-0.000000,9326.594869
1239.939493,689.485948,-0.000000,9400.615463
1239.939812,612.876398,-0.000000,9400.615463
1239.940130,536.266849,-0.000000,9400.615463
1239.940449,536.266849,-0.000000,9178.553681
1239.940768,229.828649,148.041188,9400.615463
1239.941087,689.485948,-0.000000,9252.574275
1239.941406,459.657299,-0.000000,9252.574275
1239.941724,459.657299,-0.000000,9252.574275
1239.942043,306.438199,-0.000000,9252.574275
1239.942362,766.095498,-0.000000,9178.553681
1239.942681,76.609550,-0.000000,9326.594869
1239.942999,536.266849,444.123565,8956.491898
1239.943318,229.828649,148.041188,9104.533087
1239.943637,459.657299,222.061783,9104.533087
1239.943956,306.438199,-0.000000,9400.615463
1239.944274,306.438199,370.102971,9178.553681
1239.944593,383.047749,-0.000000,9030.512492
1239.944912,459.657299,518.144159,9104.533087
1239.945231,766.095498,296.082377,8808.450710
1239.945549,536.266849,740.205942,9326.594869
1239.945868,919.314598,518.144159,8882.471304
1239.946187,689.485948,370.102971,8808.450710
1239.946506,689.485948,370.102971,8882.471304
1239.946825,766.095498,296.082377,8660.409521
1239.947143,689.485948,370.102971,8956.491898
1239.947462,766.095498,148.041188,9030.512492
1239.947781,766.095498,370.102971,9030.512492
1239.948100,842.705048,148.041188,9030.512492
1239.948418,766.095498,222.061783,8956.491898
1239.948737,536.266849,-0.000000,9178.553681
1239.949056,919.314598,-0.000000,9178.553681
1239.949375,229.828649,148.041188,9474.636058
1239.949693,536.266849,-0.000000,9326.594869
1239.950012,0.000000,222.061783,9548.656652
1239.950331,383.047749,-0.000000,9252.574275
1239.950650,383.047749,-0.000000,9474.636058
1239.950968,536.266849,222.061783,9326.594869
1239.951287,612.876398,-0.000000,9474.636058
1239.951606,459.657299,222.061783,9474.636058
1239.951925,153.219100,74.020594,9400.615463
1239.952244,383.047749,296.082377,9474.636058
1239.952562,153.219100,296.082377,9474.636058
1239.952881,229.828649,296.082377,9474.636058
1239.953200,229.828649,222.061783,9030.512492
1239.953519,76.609550,296.082377,9474.636058
1239.953837,229.828649,444.123565,9474.636058
1239.954156,306.438199,370.102971,9474.636058
1239.954475,306.438199,962.267725,9548.656652
1239.954794,766.095498,740.205942,9548.656652
1239.955112,536.266849,814.226536,9400.615463
1239.955431,689.485948,888.247130,9104.533087
1239.955750,995.924147,592.164754,9104.533087
1239.956069,995.924147,814.226536,9178.553681
1239.956388,689.485948,666.185348,9326.594869
1239.956706,919.314598,740.205942,9030.512492
1239.957025,689.485948,814.226536,9104.533087
1239.957344,842.705048,666.185348,9178.553681
1239.957663,536.266849,740.205942,9252.574275
1239.957981,919.314598,444.123565,9252.574275
1239.958300,842.705048,444.123565,9400.615463
1239.958619,766.095498,666.185348,9252.574275
1239.958938,536.266849,370.102971,9252.574275
1239.959256,153.219100,666.185348,9400.615463
1239.959575,306.438199,444.123565,9400.615463
1239.959894,383.047749,370.102971,9400.615463
1239.960213,229.828649,518.144159,9474.636058
1239.960531,76.609550,370.102971,9474.636058
1239.960850,0.000000,148.041188,9474.636058
1239.961169,383.047749,296.082377,9474.636058
1239.961488,153.219100,296.082377,9474.636058
1239.961807,-153.219100,-0.000000,9474.636058
1239.962125,0.000000,222.061783,9400.615463
1239.962444,0.000000,148.041188,9400.615463
1239.962763,0.000000,370.102971,9474.636058
1239.963082,76.609550,296.082377,9474.636058
1239.963400,0.000000,-0.000000,9030.512492
1239.963719,153.219100,-0.000000,9178.553681
1239.964038,383.047749,444.123565,9474.636058
1239.964357,153.219100,518.144159,9326.594869
1239.964675,459.657299,444.123565,9326.594869
1239.964994,766.095498,518.144159,9400.615463
1239.965313,766.095498,518.144159,8956.491898
1239.965632,459.657299,444.123565,9030.512492
1239.965950,612.876398,592.164754,9030.512492
1239.966269,919.314598,666.185348,9178.553681
1239.966588,842.705048,370.102971,9030.512492
1239.966907,842.705048,222.061783,9178.553681
1239.967226,995.924147,518.144159,9104.533087
1239.967544,919.314598,518.144159,9030.512492
1239.967863,536.266849,222.061783,9178.553681
1239.968182,1302.362347,-0.000000,9104.533087
1239.968501,612.876398,296.082377,9178.553681
1239.968819,612.876398,296.082377,9104.533087
1239.969138,459.657299,296.082377,9178.553681
1239.969457,383.047749,222.061783,9178.553681
1239.969776,306.438199,296.082377,9104.533087
1239.970094,306.438199,296.082377,9178.553681
1239.970413,153.219100,-0.000000,9252.574275
1239.970732,229.828649,148.041188,9252.574275
1239.971051,229.828649,-74.020594,9400.615463
1239.971369,76.609550,-0.000000,9030.512492
1239.971688,0.000000,-0.000000,9400.615463
1239.972007,229.828649,148.041188,9400.615463
1239.972326,0.000000,-0.000000,9178.553681
1239.972645,0.000000,296.082377,9548.656652
1239.972963,0.000000,370.102971,9400.615463
1239.973282,76.609550,592.164754,9326.594869
1239.973601,0.000000,592.164754,9326.594869
1239.973920,536.266849,-0.000000,9326.594869
1239.974238,0.000000,592.164754,9474.636058
1239.974557,153.219100,666.185348,9400.615463
1239.974876,459.657299,592.164754,9178.553681
1239.975195,459.657299,814.226536,9400.615463
1239.975513,459.657299,814.226536,9326.594869
1239.975832,383.047749,888.247130,9178.553681
1239.976151,612.876398,814.226536,9400.615463
1239.976470,766.095498,740.205942,9178.553681
1239.976789,689.485948,814.226536,9178.553681
1239.977107,612.876398,666.185348,9474.636058
1239.977426,536.266849,148.041188,9252.574275
1239.977745,919.314598,592.164754,9252.574275
1239.978064,689.485948,592.164754,9474.636058
1239.978382,995.924147,444.123565,9326.594869
1239.978701,1378.971896,518.144159,9400.615463
1239.979020,536.266849,222.061783,9474.636058
1239.979339,612.876398,222.061783,9326.594869
1239.979657,612.876398,-0.000000,9326.594869
1239.979976,383.047749,148.041188,9548.656652
1239.980295,612.876398,-0.000000,9622.677246
1239.980614,612.876398,-0.000000,9622.677246
1239.980933,459.657299,296.082377,9548.656652
1239.981251,306.438199,-0.000000,9474.636058
1239.981570,229.828649,222.061783,9474.636058
1239.981889,383.047749,-0.000000,9474.636058
1239.982208,229.828649,222.061783,9474.636058
1239.982526,153.219100,-0.000000,9474.636058
1239.982845,153.219100,-0.000000,9400.615463
1239.983164,459.657299,-0.000000,9252.574275
1239.983483,612.876398,222.061783,9400.615463
1239.983801,536.266849,518.144159,9474.636058
1239.984120,76.609550,74.020594,9104.533087
1239.984439,153.219100,444.123565,9178.553681
1239.984758,459.657299,444.123565,9030.512492
1239.985077,536.266849,592.164754,9030.512492
1239.985395,383.047749,592.164754,9030.512492
1239.985714,536.266849,666.185348,9104.533087
1239.986033,383.047749,666.185348,8808.450710
1239.986352,536.266849,518.144159,9104.533087
1239.986670,459.657299,592.164754,8956.491898
1239.986989,612.876398,740.205942,8882.471304
1239.987308,306.438199,444.123565,8808.450710
1239.987627,383.047749,814.226536,8882.471304
1239.987945,383.047749,518.144159,9178.553681
1239.988264,383.047749,370.102971,8882.471304
1239.988583,536.266849,296.082377,8808.450710
1239.988902,153.219100,296.082377,9178.553681
1239.989221,229.828649,518.144159,9104.533087
1239.989539,536.266849,222.061783,9252.574275
1239.989858,306.438199,222.061783,9326.594869
1239.990177,612.876398,-0.000000,8956.491898
1239.990496,459.657299,444.123565,9178.553681
1239.990814,76.609550,74.020594,9178.553681
1239.991133,306.438199,-0.000000,9178.553681
1239.991452,306.438199,148.041188,9252.574275
1239.991771,76.609550,296.082377,9326.594869
1239.992089,153.219100,296.082377,9252.574275
1239.992408,383.047749,148.041188,9252.574275
1239.992727,76.609550,370.102971,9178.553681
1239.993046,0.000000,296.082377,9474.636058
1239.993365,0.000000,444.123565,9326.594869
1239.993683,383.047749,296.082377,9474.636058
1239.994002,0.000000,370.102971,9474.636058
1239.994321,383.047749,518.144159,9474.636058
1239.994640,306.438199,592.164754,9474.636058
1239.994958,229.828649,592.164754,9400.615463
1239.995277,612.876398,444.123565,9474.636058
1239.995596,689.485948,740.205942,9548.656652
1239.995915,766.095498,666.185348,9326.594869
1239.996233,612.876398,814.226536,9400.615463
1239.996552,842.705048,444.123565,9030.512492
1239.996871,459.657299,370.102971,8882.471304
1239.997190,689.485948,296.082377,9326.594869
1239.997509,842.705048,740.205942,9400.615463
1239.997827,919.314598,444.123565,9474.636058
1239.998146,842.705048,518.144159,9400.615463
1239.998465,766.095498,370.102971,9474.636058
1239.998784,612.876398,296.082377,9400.615463
1239.999102,459.657299,444.123565,9474.636058
1239.999421,612.876398,296.082377,9622.677246
1239.999740,536.266849,222.061783,9548.656652
1240.000059,76.609550,-0.000000,9474.636058
1240.000378,459.657299,370.102971,9474.636058
1240.000696,229.828649,-0.000000,9400.615463
1240.001015,229.828649,-0.000000,9474.636058
1240.001334,383.047749,-0.000000,9400.615463
1240.001653,383.047749,222.061783,9474.636058
1240.001971,383.047749,-0.000000,9474.636058
1240.002290,0.000000,148.041188,9474.636058
1240.002609,76.609550,-0.000000,9474.636058
1240.002928,-229.828649,-0.000000,9474.636058
1240.003246,306.438199,-0.000000,9474.636058
1240.003565,153.219100,-0.000000,9400.615463
1240.003884,229.828649,222.061783,9326.594869
1240.004203,76.609550,296.082377,9030.512492
1240.004522,0.000000,370.102971,9474.636058
1240.004840,229.828649,444.123565,8882.471304
1240.005159,306.438199,518.144159,8956.491898
1240.005478,229.828649,444.123565,8660.409521
1240.005797,842.705048,592.164754,8882.471304
1240.006115,459.657299,666.185348,8882.471304
1240.006434,229.828649,666.185348,8734.430116
1240.006753,689.485948,370.102971,8734.430116
1240.007072,612.876398,666.185348,8882.471304
1240.007390,766.095498,814.226536,8808.450710
1240.007709,842.705048,518.144159,8882.471304
1240.008028,612.876398,740.205942,8808.450710
1240.008347,689.485948,296.082377,8660.409521
1240.008666,536.266849,296.082377,8882.471304
1240.008984,383.047749,370.102971,9030.512492
1240.009303,153.219100,222.061783,9326.594869
1240.009622,383.047749,-0.000000,9252.574275
1240.009941,383.047749,296.082377,9252.574275
1240.010259,306.438199,-0.000000,9104.533087
1240.010578,612.876398,-0.000000,9474.636058
1240.010897,229.828649,-0.000000,9400.615463
1240.011216,153.219100,222.061783,9178.553681
1240.011534,459.657299,370.102971,9252.574275
1240.011853,383.047749,148.041188,9326.594869
1240.012172,383.047749,-0.000000,9326.594869
1240.012491,306.438199,296.082377,9252.574275
1240.012810,0.000000,222.061783,9548.656652
1240.013128,306.438199,444.123565,9474.636058
1240.013447,153.219100,296.082377,9548.656652
1240.013766,229.828649,148.041188,9474.636058
1240.014085,76.609550,296.082377,9548.656652
1240.014403,383.047749,592.164754,9770.718434
1240.014722,229.828649,370.102971,9400.615463
1240.015041,459.657299,592.164754,9474.636058
1240.015360,919.314598,296.082377,9474.636058
1240.015678,1072.533697,444.123565,9326.594869
1240.015997,536.266849,592.164754,9400.615463
1240.016316,1072.533697,666.185348,9326.594869
1240.016635,766.095498,740.205942,9400.615463
1240.016954,1302.362347,740.205942,9400.615463
1240.017272,1225.752797,592.164754,9178.553681
1240.017591,1072.533697,518.144159,9326.594869
1240.017910,995.924147,370.102971,9400.615463
1240.018229,995.924147,444.123565,9326.594869
1240.018547,995.924147,444.123565,9252.574275
1240.018866,1149.143247,444.123565,9252.574275
1240.019185,612.876398,296.082377,9474.636058
1240.019504,689.485948,222.061783,9326.594869
1240.019822,766.095498,370.102971,9548.656652
1240.020141,612.876398,148.041188,9474.636058
1240.020460,536.266849,148.041188,9252.574275
1240.020779,536.266849,-0.000000,9326.594869
1240.021098,383.047749,-0.000000,9400.615463
1240.021416,383.047749,-74.020594,9400.615463
1240.021735,383.047749,222.061783,9474.636058
1240.022054,0.000000,222.061783,9104.533087
1240.022373,76.609550,148.041188,9326.594869
1240.022691,76.609550,-0.000000,9400.615463
1240.023010,-153.219100,-0.000000,9252.574275
1240.023329,153.219100,74.020594,9326.594869
1240.023648,0.000000,296.082377,9326.594869
1240.023966,0.000000,296.082377,9400.615463
1240.024285,0.000000,370.102971,9030.512492
1240.024604,0.000000,370.102971,9326.594869
1240.024923,0.000000,370.102971,8956.491898
1240.025242,306.438199,296.082377,8956.491898
1240.025560,0.000000,444.123565,9252.574275
1240.025879,459.657299,518.144159,8882.471304
1240.026198,459.657299,592.164754,8808.450710
1240.026517,612.876398,444.123565,8734.430116
1240.026835,766.095498,518.144159,8882.471304
1240.027154,306.438199,592.164754,8808.450710
1240.027473,689.485948,740.205942,8956.491898
1240.027792,689.485948,592.164754,8882.471304
1240.028110,383.047749,518.144159,8882.471304
1240.028429,536.266849,222.061783,9104.533087
1240.028748,612.876398,370.102971,8808.450710
1240.029067,536.266849,592.164754,9104.533087
1240.029386,383.047749,296.082377,9178.553681
1240.029704,459.657299,444.123565,9252.574275
1240.030023,1072.533697,222.061783,9474.636058
1240.030342,612.876398,222.061783,9252.574275
1240.030661,459.657299,222.061783,9252.574275
1240.030979,459.657299,148.041188,9474.636058
1240.031298,383.047749,222.061783,9326.594869
1240.031617,229.828649,296.082377,9474.636058
1240.031936,536.266849,148.041188,9326.594869
1240.032254,383.047749,-0.000000,9474.636058
1240.032573,153.219100,296.082377,9474.636058
1240.032892,306.438199,-0.000000,9474.636058
1240.033211,459.657299,-0.000000,9400.615463
1240.033530,229.828649,148.041188,9474.636058
1240.033848,229.828649,296.082377,9622.677246
1240.034167,383.047749,370.102971,9474.636058
1240.034486,76.609550,370.102971,9548.656652
1240.034805,459.657299,222.061783,9474.636058
1240.035123,153.219100,370.102971,9400.615463
1240.035442,536.266849,740.205942,9474.636058
1240.035761,383.047749,666.185348,9474.636058
1240.036080,766.095498,740.205942,9400.615463
1240.036398,766.095498,666.185348,9104.533087
1240.036717,766.095498,740.205942,9474.636058
1240.037036,919.314598,740.205942,9326.594869
1240.037355,919.314598,740.205942,9252.574275
1240.037674,689.485948,444.123565,9252.574275
1240.037992,1072.533697,518.144159,9104.533087
1240.038311,1072.533697,666.185348,9326.594869
1240.038630,842.705048,814.226536,9178.553681
1240.038949,689.485948,296.082377,9400.615463
1240.039267,229.828649,296.082377,9474.636058
1240.039586,536.266849,296.082377,9400.615463
1240.039905,612.876398,296.082377,9104.533087
1240.040224,459.657299,296.082377,9400.615463
1240.040543,459.657299,296.082377,9252.574275
1240.040861,229.828649,-0.000000,9326.594869
1240.041180,306.438199,-74.020594,9252.574275
1240.041499,536.266849,370.102971,9178.553681
1240.041818,536.266849,-0.000000,9326.594869
1240.042136,612.876398,-0.000000,9104.533087
1240.042455,306.438199,296.082377,8956.491898
1240.042774,459.657299,-0.000000,9178.553681
1240.043093,229.828649,296.082377,9252.574275
1240.043411,153.219100,222.061783,9178.553681
1240.043730,306.438199,518.144159,9326.594869
1240.044049,229.828649,-0.000000,9326.594869
1240.044368,153.219100,-0.000000,9252.574275
1240.044687,459.657299,222.061783,9104.533087
1240.045005,76.609550,74.020594,9178.553681
1240.045324,383.047749,-74.020594,8956.491898
1240.045643,383.047749,222.061783,9030.512492
1240.045962,612.876398,370.102971,9178.553681
1240.046280,689.485948,444.123565,9030.512492
1240.046599,612.876398,518.144159,9178.553681
1240.046918,689.485948,444.123565,8882.471304
1240.047237,612.876398,296.082377,8882.471304
1240.047555,536.266849,666.185348,9326.594869
1240.047874,919.314598,222.061783,8956.491898
1240.048193,612.876398,370.102971,9104.533087
1240.048512,689.485948,-0.000000,9104.533087
1240.048831,689.485948,296.082377,9104.533087
1240.049149,612.876398,370.102971,8956.491898
1240.049468,689.485948,370.102971,9252.574275
1240.049787,766.095498,-0.000000,9474.636058
1240.050106,536.266849,296.082377,9400.615463
1240.050424,383.047749,444.123565,9400.615463
1240.050743,459.657299,370.102971,9326.594869
1240.051062,306.438199,444.123565,9178.553681
1240.051381,383.047749,444.123565,9326.594869
1240.051699,153.219100,222.061783,9178.553681
1240.052018,153.219100,222.061783,9474.636058
1240.052337,0.000000,444.123565,9178.553681
1240.052656,459.657299,222.061783,9104.533087
1240.052975,153.219100,444.123565,9474.636058
1240.053293,0.000000,222.061783,9400.615463
1240.053612,-229.828649,222.061783,9400.615463
1240.053931,76.609550,518.144159,9474.636058
1240.054250,76.609550,814.226536,9696.697840
1240.054568,153.219100,592.164754,9252.574275
1240.054887,383.047749,666.185348,9474.636058
1240.055206,383.047749,740.205942,9326.594869
1240.055525,459.657299,592.164754,9252.574275
1240.055843,306.438199,814.226536,9474.636058
1240.056162,919.314598,962.267725,9474.636058
1240.056481,842.705048,814.226536,9178.553681
1240.056800,842.705048,814.226536,9252.574275
1240.057119,842.705048,518.144159,9474.636058
1240.057437,1072.533697,444.123565,8882.471304
1240.057756,766.095498,740.205942,9252.574275
1240.058075,995.924147,888.247130,9400.615463
1240.058394,919.314598,518.144159,9326.594869
1240.058712,689.485948,592.164754,9252.574275
1240.059031,536.266849,296.082377,9548.656652
1240.059350,689.485948,296.082377,9400.615463
1240.059669,612.876398,370.102971,9400.615463
1240.059987,306.438199,222.061783,9400.615463
1240.060306,383.047749,296.082377,9400.615463
1240.060625,612.876398,-0.000000,9622.677246
1240.060944,76.609550,-74.020594,9696.697840
1240.061263,383.047749,-74.020594,9474.636058
1240.061581,153.219100,-0.000000,9326.594869
1240.061900,76.609550,-148.041188,9548.656652
1240.062219,153.219100,-74.020594,9474.636058
1240.062538,76.609550,-0.000000,9400.615463
1240.062856,76.609550,-0.000000,9474.636058
1240.063175,76.609550,-0.000000,9326.594869
1240.063494,383.047749,-0.000000,9474.636058
1240.063813,229.828649,-74.020594,9400.615463
1240.064131,153.219100,222.061783,9030.512492
1240.064450,153.219100,-0.000000,9326.594869
1240.064769,0.000000,222.061783,9178.553681
1240.065088,536.266849,370.102971,9400.615463
1240.065407,383.047749,370.102971,9030.512492
1240.065725,306.438199,592.164754,8956.491898
1240.066044,383.047749,370.102971,8956.491898
1240.066363,459.657299,592.164754,8956.491898
1240.066682,766.095498,370.102971,8882.471304
1240.067000,459.657299,740.205942,8808.450710
1240.067319,612.876398,814.226536,9030.512492
1240.067638,536.266849,666.185348,8808.450710
1240.067957,766.095498,444.123565,8734.430116
1240.068275,919.314598,518.144159,8956.491898
1240.068594,766.095498,814.226536,8882.471304
1240.068913,459.657299,518.144159,8956.491898
1240.069232,536.266849,444.123565,8734.430116
1240.069551,689.485948,148.041188,8956.491898
1240.069869,842.705048,444.123565,9178.553681
1240.070188,689.485948,296.082377,9178.553681
1240.070507,766.095498,518.144159,8734.430116
1240.070826,459.657299,296.082377,8956.491898
1240.071144,0.000000,-0.000000,8882.471304
1240.071463,536.266849,222.061783,9252.574275
1240.071782,229.828649,-0.000000,9178.553681
1240.072101,383.047749,296.082377,9400.615463
1240.072419,229.828649,296.082377,9400.615463
1240.072738,76.609550,-0.000000,9326.594869
1240.073057,229.828649,-0.000000,9400.615463
1240.073376,383.047749,444.123565,9178.553681
1240.073695,306.438199,222.061783,9474.636058
1240.074013,383.047749,444.123565,9474.636058
1240.074332,229.828649,444.123565,9770.718434
1240.074649,153.219100,444.123565,9474.636058
1240.074967,306.438199,444.123565,9474.636058
1240.075286,153.219100,444.123565,9474.636058
1240.075605,612.876398,518.144159,9548.656652
1240.075924,459.657299,592.164754,9548.656652
1240.076242,689.485948,666.185348,9548.656652
1240.076561,459.657299,666.185348,9400.615463
1240.076880,536.266849,814.226536,9400.615463
1240.077199,995.924147,370.102971,9474.636058
1240.077518,689.485948,666.185348,9326.594869
1240.077836,1072.533697,888.247130,9178.553681
1240.078155,612.876398,518.144159,9252.574275
1240.078474,612.876398,666.185348,9178.553681
1240.078793,766.095498,666.185348,9474.636058
1240.079111,766.095498,296.082377,9252.574275
1240.079430,459.657299,370.102971,9474.636058
1240.079749,612.876398,444.123565,9474.636058
1240.080068,383.047749,444.123565,9326.594869
1240.080386,842.705048,-0.000000,9474.636058
1240.080705,383.047749,-0.000000,9474.636058
1240.081024,383.047749,148.041188,9326.594869
1240.081343,229.828649,222.061783,9326.594869
1240.081661,689.485948,148.041188,9548.656652
1240.081980,459.657299,-0.000000,9474.636058
1240.082299,306.438199,-0.000000,9400.615463
1240.082618,459.657299,296.082377,9252.574275
1240.082936,153.219100,222.061783,9326.594869
1240.083255,229.828649,-0.000000,9400.615463
1240.083574,306.438199,296.082377,9474.636058
1240.083893,153.219100,148.041188,9178.553681
1240.084211,153.219100,-0.000000,9252.574275
1240.084530,76.609550,-0.000000,9252.574275
1240.084849,76.609550,222.061783,9252.574275
1240.085168,229.828649,148.041188,9326.594869
1240.085486,536.266849,370.102971,9030.512492
1240.085805,229.828649,74.020594,9030.512492
1240.086124,766.095498,-0.000000,8660.409521
1240.086443,612.876398,592.164754,9030.512492
1240.086761,536.266849,592.164754,9030.512492
1240.087080,766.095498,592.164754,8808.450710
1240.087399,842.705048,666.185348,9030.512492
1240.087718,995.924147,518.144159,8882.471304
1240.088036,612.876398,444.123565,8882.471304
1240.088355,612.876398,444.123565,8956.491898
1240.088674,612.876398,444.123565,9104.533087
1240.088993,689.485948,444.123565,8882.471304
1240.089311,459.657299,148.041188,9252.574275
1240.089630,459.657299,222.061783,9104.533087
1240.089949,229.828649,370.102971,8956.491898
1240.090268,459.657299,296.082377,9030.512492
1240.090586,536.266849,296.082377,9104.533087
1240.090905,536.266849,222.061783,9178.553681
1240.091224,229.828649,222.061783,9252.574275
1240.091543,612.876398,296.082377,9252.574275
1240.091861,383.047749,-0.000000,9252.574275
1240.092180,229.828649,-0.000000,9622.677246
1240.092499,153.219100,-0.000000,9474.636058
1240.092818,383.047749,296.082377,9104.533087
1240.093137,306.438199,-0.000000,9474.636058
1240.093455,153.219100,222.061783,9326.594869
1240.093774,383.047749,148.041188,9474.636058
1240.094093,153.219100,370.102971,9474.636058
1240.094412,306.438199,444.123565,9400.615463
1240.094730,306.438199,592.164754,9474.636058
1240.095049,306.438199,518.144159,9474.636058
1240.095368,766.095498,444.123565,9400.615463
1240.095687,689.485948,666.185348,9400.615463
1240.096005,383.047749,592.164754,9548.656652
1240.096324,612.876398,666.185348,9400.615463
1240.096643,689.485948,666.185348,9326.594869
1240.096962,383.047749,962.267725,9696.697840
1240.097280,459.657299,740.205942,9400.615463
1240.097599,842.705048,814.226536,9326.594869
1240.097918,1072.533697,740.205942,9252.574275
1240.098237,1149.143247,814.226536,9474.636058
1240.098555,1149.143247,444.123565,9104.533087
1240.098874,1378.971896,518.144159,9178.553681
1240.099193,842.705048,666.185348,9548.656652
1240.099512,612.876398,666.185348,9400.615463
1240.099830,919.314598,148.041188,9252.574275
1240.100149,536.266849,222.061783,9474.636058
1240.100468,689.485948,-0.000000,9474.636058
1240.100787,612.876398,148.041188,9474.636058
1240.101105,459.657299,370.102971,9474.636058
1240.101424,459.657299,222.061783,9252.574275
1240.101743,76.609550,370.102971,9548.656652
1240.102062,536.266849,-0.000000,9178.553681
1240.102380,306.438199,-0.000000,9326.594869
1240.102699,306.438199,-0.000000,9326.594869
1240.103018,0.000000,-0.000000,9474.636058
1240.103337,76.609550,148.041188,9400.615463
1240.103655,229.828649,-0.000000,9474.636058
1240.103974,76.609550,-0.000000,9474.636058
1240.104293,536.266849,-0.000000,9474.636058
1240.104612,0.000000,148.041188,9252.574275
1240.104930,153.219100,444.123565,9326.594869
1240.105249,229.828649,666.185348,9178.553681
1240.105568,383.047749,518.144159,8956.491898
1240.105887,995.924147,444.123565,8808.450710
1240.106205,689.485948,296.082377,9030.512492
1240.106524,383.047749,518.144159,9030.512492
1240.106843,842.705048,666.185348,8956.491898
1240.107162,612.876398,666.185348,8808.450710
1240.107480,536.266849,296.082377,9030.512492
1240.107799,536.266849,370.102971,8882.471304
1240.108118,766.095498,518.144159,9178.553681
1240.108437,689.485948,222.061783,8586.388927
1240.108756,536.266849,370.102971,8882.471304
1240.109074,766.095498,-0.000000,8956.491898
1240.109393,766.095498,518.144159,8882.471304
1240.109712,689.485948,444.123565,8956.491898
1240.110031,612.876398,222.061783,8956.491898
1240.110349,919.314598,222.061783,9178.553681
1240.110668,0.000000,-0.000000,9326.594869
1240.110987,229.828649,-0.000000,9104.533087
1240.111306,766.095498,518.144159,9104.533087
1240.111624,459.657299,148.041188,9030.512492
1240.111943,766.095498,-0.000000,9326.594869
1240.112262,383.047749,296.082377,9400.615463
1240.112581,306.438199,296.082377,9400.615463
1240.112899,229.828649,148.041188,9474.636058
1240.113218,229.828649,296.082377,9400.615463
1240.113537,76.609550,-0.000000,9548.656652
1240.113856,383.047749,222.061783,9474.636058
1240.114174,459.657299,148.041188,9474.636058
1240.114493,76.609550,370.102971,9474.636058
1240.114812,153.219100,444.123565,9252.574275
1240.115131,306.438199,518.144159,9622.677246
1240.115449,383.047749,370.102971,9400.615463
1240.115768,306.438199,592.164754,9548.656652
1240.116087,459.657299,592.164754,9474.636058
1240.116406,919.314598,518.144159,9474.636058
1240.116724,689.485948,740.205942,9622.677246
1240.117043,919.314598,592.164754,9400.615463
1240.117362,1072.533697,666.185348,9252.574275
1240.117681,995.924147,370.102971,9252.574275
1240.117999,1302.362347,666.185348,9252.574275
1240.118318,919.314598,740.205942,9104.533087
1240.118637,842.705048,666.185348,9252.574275
1240.118956,842.705048,592.164754,9400.615463
1240.119274,842.705048,518.144159,9474.636058
1240.119593,995.924147,296.082377,9474.636058
1240.119912,766.095498,444.123565,9474.636058
1240.120231,612.876398,370.102971,9474.636058
1240.120549,612.876398,-0.000000,9474.636058
1240.120868,766.095498,-0.000000,9474.636058
1240.121187,459.657299,-148.041188,9252.574275
1240.121506,536.266849,-0.000000,9252.574275
1240.121824,612.876398,-0.000000,9400.615463
1240.122143,459.657299,-0.000000,9326.594869
1240.122462,0.000000,370.102971,9474.636058
1240.122781,306.438199,-0.000000,9400.615463
1240.123099,229.828649,-0.000000,9474.636058
1240.123418,153.219100,-0.000000,9474.636058
1240.123737,153.219100,148.041188,9252.574275
1240.124056,153.219100,-74.020594,9178.553681
1240.124375,306.438199,-0.000000,9252.574275
1240.124693,76.609550,222.061783,9400.615463
1240.125012,153.219100,370.102971,9104.533087
1240.125331,0.000000,370.102971,9178.553681
1240.125650,0.000000,-0.000000,8956.491898
1240.125968,229.828649,592.164754,9178.553681
1240.126287,306.438199,444.123565,9030.512492
1240.126606,229.828649,444.123565,8956.491898
1240.126925,766.095498,370.102971,9030.512492
1240.127243,766.095498,592.164754,8586.388927
1240.127562,689.485948,592.164754,8956.491898
1240.127881,459.657299,370.102971,8808.450710
1240.128200,919.314598,592.164754,8660.409521
1240.128518,766.095498,592.164754,8882.471304
1240.128837,536.266849,592.164754,9030.512492
1240.129156,459.657299,518.144159,9030.512492
1240.129475,459.657299,296.082377,8808.450710
1240.129793,612.876398,518.144159,8882.471304
1240.130112,612.876398,370.102971,9178.553681
1240.130431,612.876398,222.061783,9030.512492
1240.130750,229.828649,-0.000000,9030.512492
1240.131068,612.876398,296.082377,9178.553681
1240.131387,459.657299,222.061783,9400.615463
1240.131706,306.438199,-74.020594,9178.553681
1240.132025,153.219100,-0.000000,9326.594869
1240.132343,383.047749,-0.000000,9252.574275
1240.132662,153.219100,74.020594,9474.636058
1240.132981,153.219100,148.041188,9326.594869
1240.133300,153.219100,-0.000000,9326.594869
1240.133618,689.485948,-0.000000,9326.594869
1240.133937,0.000000,-0.000000,9548.656652
1240.134256,229.828649,148.041188,9474.636058
1240.134575,0.000000,222.061783,9474.636058
1240.134893,-153.219100,148.041188,9696.697840
1240.135212,0.000000,370.102971,9474.636058
1240.135531,0.000000,592.164754,9622.677246
1240.135850,306.438199,592.164754,9474.636058
1240.136168,229.828649,740.205942,9474.636058
1240.136487,306.438199,1036.288319,9770.718434
1240.136806,689.485948,888.247130,9474.636058
1240.137125,536.266849,814.226536,9474.636058
1240.137443,919.314598,666.185348,9474.636058
1240.137762,1149.143247,666.185348,9030.512492
1240.138081,689.485948,740.205942,9104.533087
1240.138400,1072.533697,666.185348,9178.553681
1240.138718,919.314598,740.205942,9326.594869
1240.139037,842.705048,592.164754,9326.594869
1240.139356,919.314598,740.205942,9326.594869
1240.139675,842.705048,814.226536,9474.636058
1240.139993,842.705048,370.102971,9326.594869
1240.140312,919.314598,592.164754,9326.594869
1240.140631,612.876398,444.123565,9474.636058
1240.140950,536.266849,-0.000000,9326.594869
1240.141269,612.876398,74.020594,9548.656652
1240.141587,536.266849,222.061783,9474.636058
1240.141906,536.266849,222.061783,9474.636058
1240.142225,842.705048,-74.020594,9326.594869
1240.142544,536.266849,296.082377,9474.636058
1240.142862,76.609550,74.020594,9474.636058
1240.143181,153.219100,148.041188,9474.636058
1240.143500,153.219100,-0.000000,9400.615463
1240.143819,459.657299,-0.000000,9474.636058
1240.144137,153.219100,-0.000000,9252.574275
1240.144456,153.219100,-0.000000,9252.574275
1240.144775,0.000000,148.041188,9326.594869
1240.145094,153.219100,296.082377,9326.594869
1240.145412,76.609550,148.041188,9326.594869
1240.145731,0.000000,-0.000000,9326.594869
1240.146050,76.609550,222.061783,8956.491898
1240.146369,383.047749,370.102971,9178.553681
1240.146687,536.266849,-0.000000,9104.533087
1240.147006,383.047749,444.123565,8956.491898
1240.147325,536.266849,370.102971,8808.450710
1240.147644,536.266849,444.123565,8808.450710
1240.147962,766.095498,518.144159,8882.471304
1240.148281,536.266849,444.123565,9030.512492
1240.148600,459.657299,370.102971,8808.450710
1240.148919,689.485948,370.102971,8882.471304
1240.149237,689.485948,666.185348,8808.450710
1240.149556,689.485948,296.082377,9030.512492
1240.149875,383.047749,-0.000000,8734.430116
1240.150194,689.485948,370.102971,8956.491898
1240.150512,459.657299,370.102971,8956.491898
1240.150831,306.438199,296.082377,8956.491898
1240.151150,689.485948,-0.000000,9178.553681
1240.151469,306.438199,296.082377,9030.512492
1240.151787,306.438199,-0.000000,9104.533087
1240.152106,536.266849,296.082377,9178.553681
1240.152425,383.047749,296.082377,9252.574275
1240.152744,383.047749,444.123565,9474.636058
1240.153062,536.266849,148.041188,9326.594869
1240.153381,153.219100,370.102971,9400.615463
1240.153700,0.000000,222.061783,9400.615463
1240.154019,76.609550,296.082377,9400.615463
1240.154337,306.438199,296.082377,9474.636058
1240.154656,153.219100,444.123565,9400.615463
1240.154975,229.828649,444.123565,9474.636058
1240.155294,383.047749,518.144159,9474.636058
1240.155612,306.438199,222.061783,9400.615463
1240.155931,842.705048,740.205942,9696.697840
1240.156250,383.047749,444.123565,9770.718434
1240.156569,459.657299,592.164754,9400.615463
1240.156888,536.266849,592.164754,9400.615463
1240.157206,459.657299,888.247130,9474.636058
1240.157525,689.485948,814.226536,9548.656652
1240.157844,919.314598,740.205942,9178.553681
1240.158163,689.485948,740.205942,9474.636058
1240.158481,536.266849,814.226536,9400.615463
1240.158800,612.876398,592.164754,9400.615463
1240.159119,842.705048,518.144159,9252.574275
1240.159438,995.924147,592.164754,9252.574275
1240.159756,459.657299,-0.000000,9326.594869
1240.160075,612.876398,296.082377,9474.636058
1240.160394,766.095498,-0.000000,9696.697840
1240.160713,612.876398,148.041188,9400.615463
1240.161031,306.438199,148.041188,9326.594869
1240.161350,612.876398,-0.000000,9474.636058
1240.161669,536.266849,-0.000000,9474.636058
1240.161988,689.485948,-0.000000,9474.636058
1240.162306,459.657299,-0.000000,9252.574275
1240.162625,383.047749,148.041188,9474.636058
1240.162944,153.219100,-74.020594,9474.636058
1240.163263,229.828649,-0.000000,9326.594869
1240.163581,153.219100,-74.020594,9474.636058
1240.163900,306.438199,-148.041188,9474.636058
1240.164219,0.000000,222.061783,9400.615463
1240.164538,76.609550,-0.000000,9104.533087
1240.164856,76.609550,-74.020594,9104.533087
1240.165175,229.828649,296.082377,9104.533087
1240.165494,153.219100,74.020594,8808.450710
1240.165813,306.438199,-0.000000,9104.533087
1240.166131,0.000000,296.082377,9104.533087
1240.166450,766.095498,-0.000000,9400.615463
1240.166769,229.828649,370.102971,8956.491898
1240.167088,383.047749,444.123565,8882.471304
1240.167406,383.047749,444.123565,8734.430116
1240.167725,536.266849,592.164754,8882.471304
1240.168044,766.095498,444.123565,8734.430116
1240.168363,536.266849,740.205942,8882.471304
1240.168681,306.438199,444.123565,8734.430116
1240.169000,842.705048,592.164754,8882.471304
1240.169319,536.266849,592.164754,8956.491898
1240.169638,459.657299,444.123565,8660.409521
1240.169956,536.266849,296.082377,8808.450710
1240.170275,536.266849,518.144159,8734.430116
1240.170594,766.095498,592.164754,8586.388927
1240.170913,536.266849,370.102971,9104.533087
1240.171231,612.876398,296.082377,8956.491898
1240.171550,229.828649,148.041188,9252.574275
1240.171869,612.876398,296.082377,9104.533087
1240.172188,306.438199,444.123565,9326.594869
1240.172507,459.657299,296.082377,9326.594869
1240.172825,76.609550,296.082377,9326.594869
1240.173144,76.609550,-0.000000,9326.594869
1240.173463,306.438199,370.102971,9400.615463
1240.173782,-153.219100,518.144159,9622.677246
1240.174100,306.438199,370.102971,9474.636058
1240.174419,153.219100,296.082377,9474.636058
1240.174738,153.219100,444.123565,9696.697840
1240.175057,0.000000,518.144159,9474.636058
1240.175376,612.876398,666.185348,9548.656652
1240.175694,306.438199,370.102971,9400.615463
1240.176013,612.876398,666.185348,9474.636058
1240.176332,383.047749,444.123565,9548.656652
1240.176651,383.047749,518.144159,9548.656652
1240.176970,689.485948,592.164754,9770.718434
1240.177288,612.876398,666.185348,9474.636058
1240.177607,995.924147,666.185348,9474.636058
1240.177926,766.095498,592.164754,9474.636058
1240.178245,459.657299,1110.308913,9400.615463
1240.178563,689.485948,518.144159,9548.656652
1240.178882,459.657299,444.123565,9252.574275
1240.179201,1149.143247,518.144159,9252.574275
1240.179520,995.924147,740.205942,9326.594869
1240.179839,842.705048,740.205942,9104.533087
1240.180157,306.438199,518.144159,9400.615463
1240.180476,766.095498,518.144159,9178.553681
1240.180795,689.485948,444.123565,9326.594869
1240.181114,536.266849,148.041188,9326.594869
1240.181433,689.485948,-0.000000,9400.615463
1240.181751,383.047749,-0.000000,9326.594869
1240.182070,459.657299,-0.000000,9400.615463
1240.182389,229.828649,-74.020594,9400.615463
1240.182708,-76.609550,-148.041188,9178.553681
1240.183027,306.438199,-74.020594,9400.615463
1240.183345,0.000000,-0.000000,9326.594869
1240.183664,0.000000,-0.000000,9252.574275
1240.183983,0.000000,148.041188,9400.615463
1240.184302,153.219100,-0.000000,9252.574275
1240.184621,0.000000,-74.020594,9104.533087
1240.184939,229.828649,-0.000000,9326.594869
1240.185258,459.657299,222.061783,9030.512492
1240.185577,459.657299,296.082377,9326.594869
1240.185896,383.047749,-0.000000,9178.553681
1240.186214,383.047749,-148.041188,9326.594869
1240.186533,459.657299,444.123565,9178.553681
1240.186852,689.485948,222.061783,9104.533087
1240.187171,842.705048,296.082377,9178.553681
1240.187490,689.485948,296.082377,9178.553681
1240.187808,1072.533697,148.041188,8956.491898
1240.188127,919.314598,444.123565,9178.553681
1240.188446,766.095498,-0.000000,9104.533087
1240.188765,766.095498,296.082377,8956.491898
1240.189084,1072.533697,148.041188,9104.533087
1240.189402,766.095498,296.082377,9104.533087
1240.189721,995.924147,222.061783,9030.512492
1240.190040,842.705048,-0.000000,9030.512492
1240.190359,612.876398,148.041188,9252.574275
1240.190678,842.705048,222.061783,8956.491898
1240.190996,1532.190996,222.061783,8808.450710
1240.191315,536.266849,296.082377,8956.491898
1240.191634,536.266849,-0.000000,9252.574275
1240.191953,459.657299,-0.000000,9104.533087
1240.192272,383.047749,296.082377,9326.594869
1240.192590,153.219100,-0.000000,9252.574275
1240.192909,76.609550,-0.000000,9400.615463
1240.193228,229.828649,222.061783,9252.574275
1240.193547,0.000000,222.061783,9178.553681
1240.193865,0.000000,296.082377,9474.636058
1240.194184,0.000000,296.082377,9326.594869
1240.194503,76.609550,370.102971,9400.615463
1240.194822,0.000000,370.102971,9252.574275
1240.195141,153.219100,444.123565,9400.615463
1240.195459,153.219100,370.102971,9474.636058
1240.195778,0.000000,592.164754,9400.615463
1240.196097,153.219100,592.164754,9400.615463
1240.196416,229.828649,518.144159,9400.615463
1240.196735,383.047749,518.144159,9474.636058
1240.197053,536.266849,518.144159,9474.636058
1240.197372,536.266849,592.164754,9252.574275
1240.197691,766.095498,962.267725,9474.636058
1240.198010,842.705048,814.226536,9252.574275
1240.198329,919.314598,740.205942,9326.594869
1240.198647,919.314598,666.185348,9474.636058
1240.198966,995.924147,592.164754,9326.594869
1240.199285,612.876398,814.226536,9400.615463
1240.199604,919.314598,592.164754,9326.594869
1240.199923,1378.971896,592.164754,9252.574275
1240.200241,1072.533697,592.164754,9326.594869
1240.200560,842.705048,592.164754,9104.533087
1240.200879,459.657299,740.205942,9326.594869
1240.201198,766.095498,296.082377,9474.636058
1240.201516,1072.533697,-0.000000,9622.677246
1240.201835,536.266849,444.123565,9474.636058
1240.202154,612.876398,592.164754,9178.553681
1240.202473,459.657299,518.144159,9326.594869
1240.202792,459.657299,148.041188,9474.636058
1240.203110,153.219100,74.020594,9474.636058
1240.203429,0.000000,74.020594,9548.656652
1240.203748,306.438199,518.144159,9104.533087
1240.204067,229.828649,666.185348,9252.574275
1240.204386,76.609550,296.082377,9178.553681
1240.204704,0.000000,-0.000000,9548.656652
1240.205023,0.000000,222.061783,9622.677246
1240.205342,0.000000,592.164754,9252.574275
1240.205661,0.000000,740.205942,9326.594869
1240.205980,-229.828649,518.144159,9400.615463
1240.206298,0.000000,-0.000000,9252.574275
1240.206617,0.000000,-0.000000,9030.512492
1240.206936,0.000000,222.061783,9400.615463
1240.207255,306.438199,814.226536,9326.594869
1240.207574,0.000000,666.185348,9178.553681
1240.207892,306.438199,888.247130,8882.471304
1240.208211,459.657299,666.185348,9030.512492
1240.208530,536.266849,370.102971,9104.533087
1240.208849,766.095498,444.123565,8808.450710
1240.209167,919.314598,296.082377,8734.430116
1240.209486,842.705048,444.123565,9030.512492
1240.209805,1072.533697,666.185348,9030.512492
1240.210124,766.095498,370.102971,8808.450710
1240.210443,766.095498,592.164754,9326.594869
1240.210761,536.266849,148.041188,9252.574275
1240.211080,766.095498,148.041188,9178.553681
1240.211399,766.095498,444.123565,8882.471304
1240.211718,612.876398,222.061783,9030.512492
1240.212037,306.438199,-0.000000,9474.636058
1240.212355,459.657299,-0.000000,9474.636058
1240.212674,459.657299,-0.000000,9104.533087
1240.212993,459.657299,-0.000000,9326.594869
1240.213312,612.876398,296.082377,9326.594869
1240.213631,612.876398,-74.020594,9548.656652
1240.213949,612.876398,-0.000000,9326.594869
1240.214268,76.609550,-148.041188,9474.636058
1240.214587,229.828649,-0.000000,9400.615463
1240.214906,306.438199,740.205942,9104.533087
1240.215225,153.219100,444.123565,9104.533087
1240.215543,153.219100,-0.000000,9474.636058
1240.215862,-153.219100,444.123565,9326.594869
1240.216181,0.000000,370.102971,9252.574275
1240.216500,0.000000,962.267725,9326.594869
1240.216818,536.266849,666.185348,9696.697840
1240.217137,383.047749,518.144159,9474.636058
1240.217456,229.828649,444.123565,9326.594869
1240.217775,536.266849,296.082377,9474.636058
1240.218094,1378.971896,148.041188,9548.656652
1240.218412,1072.533697,888.247130,9178.553681
1240.218731,1149.143247,740.205942,9178.553681
1240.219050,1072.533697,740.205942,9104.533087
1240.219369,1072.533697,814.226536,9178.553681
1240.219688,689.485948,222.061783,8586.388927
1240.220006,995.924147,814.226536,9178.553681
1240.220325,766.095498,444.123565,9252.574275
1240.220644,612.876398,518.144159,9326.594869
1240.220963,536.266849,296.082377,9474.636058
1240.221282,459.657299,222.061783,9252.574275
1240.221600,536.266849,222.061783,9474.636058
1240.221919,919.314598,148.041188,9474.636058
1240.222238,536.266849,148.041188,9474.636058
1240.222557,153.219100,-74.020594,9474.636058
1240.222876,612.876398,-0.000000,9696.697840
1240.223194,153.219100,148.041188,9548.656652
1240.223513,153.219100,370.102971,9252.574275
1240.223832,153.219100,222.061783,9178.553681
1240.224151,536.266849,-148.041188,9474.636058
1240.224469,383.047749,-0.000000,9474.636058
1240.224788,153.219100,-222.061783,9474.636058
1240.225107,306.438199,-0.000000,9474.636058
1240.225426,0.000000,-0.000000,9400.615463
1240.225745,76.609550,148.041188,9474.636058
1240.226063,153.219100,-0.000000,9696.697840
1240.226382,-153.219100,-0.000000,9474.636058
1240.226701,-153.219100,370.102971,9252.574275
1240.227020,306.438199,444.123565,9178.553681
1240.227339,306.438199,-0.000000,8882.471304
1240.227657,306.438199,592.164754,9030.512492
1240.227976,229.828649,370.102971,8956.491898
1240.228295,536.266849,370.102971,8808.450710
1240.228614,689.485948,222.061783,8808.450710
1240.228933,766.095498,666.185348,8808.450710
1240.229251,689.485948,666.185348,8882.471304
1240.229570,229.828649,518.144159,9030.512492
1240.229889,383.047749,592.164754,9030.512492
1240.230208,766.095498,518.144159,8882.471304
1240.230527,459.657299,592.164754,8882.471304
1240.230845,689.485948,444.123565,9030.512492
1240.231164,536.266849,518.144159,8956.491898
1240.231483,459.657299,222.061783,9104.533087
1240.231802,306.438199,148.041188,9104.533087
1240.232120,766.095498,296.082377,9178.553681
1240.232439,229.828649,222.061783,9104.533087
1240.232758,383.047749,296.082377,9252.574275
1240.233077,536.266849,370.102971,9178.553681
1240.233396,459.657299,-0.000000,9548.656652
1240.233714,229.828649,74.020594,9400.615463
1240.234033,76.609550,518.144159,9326.594869
1240.234352,76.609550,444.123565,9400.615463
1240.234671,383.047749,-0.000000,9474.636058
1240.234990,229.828649,-0.000000,9548.656652
1240.235308,459.657299,444.123565,9252.574275
1240.235627,0.000000,296.082377,9622.677246
1240.235946,229.828649,444.123565,9474.636058
1240.236265,0.000000,518.144159,9696.697840
1240.236584,383.047749,592.164754,9474.636058
1240.236902,383.047749,592.164754,9622.677246
1240.237221,459.657299,518.144159,9474.636058
1240.237540,459.657299,592.164754,9474.636058
1240.237859,766.095498,592.164754,9400.615463
1240.238178,842.705048,814.226536,9400.615463
1240.238496,689.485948,592.164754,9252.574275
1240.238815,842.705048,740.205942,9104.533087
1240.239134,306.438199,592.164754,9696.697840
1240.239453,612.876398,962.267725,9400.615463
1240.239771,766.095498,666.185348,9326.594869
1240.240090,766.095498,592.164754,9400.615463
1240.240409,842.705048,592.164754,9326.594869
1240.240728,383.047749,148.041188,9326.594869
1240.241047,536.266849,222.061783,9400.615463
1240.241365,536.266849,444.123565,9400.615463
1240.241684,689.485948,222.061783,9474.636058
1240.242003,612.876398,222.061783,9548.656652
1240.242322,766.095498,222.061783,9548.656652
1240.242641,536.266849,222.061783,9474.636058
1240.242959,689.485948,222.061783,9400.615463
1240.243278,612.876398,222.061783,9326.594869
1240.243597,995.924147,-0.000000,9252.574275
1240.243916,536.266849,-0.000000,9252.574275
1240.244235,383.047749,-222.061783,9474.636058
1240.244553,536.266849,-0.000000,9400.615463
1240.244872,306.438199,-0.000000,9326.594869
1240.245191,153.219100,-74.020594,9474.636058
1240.245510,153.219100,-0.000000,9400.615463
1240.245829,383.047749,148.041188,9326.594869
1240.246147,306.438199,-0.000000,9326.594869
1240.246466,306.438199,296.082377,9178.553681
1240.246785,306.438199,148.041188,8808.450710
1240.247104,0.000000,222.061783,9104.533087
1240.247422,0.000000,370.102971,9178.553681
1240.247741,0.000000,444.123565,8956.491898
1240.248060,383.047749,370.102971,8882.471304
1240.248379,612.876398,518.144159,9030.512492
1240.248698,383.047749,814.226536,8734.430116
1240.249016,459.657299,962.267725,8586.388927
1240.249335,229.828649,1184.329507,8438.347739
1240.249654,229.828649,666.185348,8734.430116
1240.249973,76.609550,444.123565,9178.553681
1240.250292,229.828649,370.102971,9326.594869
1240.250610,459.657299,666.185348,9104.533087
1240.250929,459.657299,962.267725,8660.409521
1240.251248,919.314598,444.123565,8808.450710
1240.251567,459.657299,-0.000000,9104.533087
1240.251886,766.095498,740.205942,8734.430116
1240.252204,612.876398,592.164754,8734.430116
1240.252523,306.438199,814.226536,9030.512492
1240.252842,383.047749,888.247130,9252.574275
1240.253161,383.047749,592.164754,9178.553681
1240.253480,153.219100,370.102971,9474.636058
1240.253798,0.000000,222.061783,9474.636058
1240.254117,153.219100,148.041188,9474.636058
1240.254436,76.609550,-0.000000,9252.574275
1240.254755,153.219100,296.082377,9474.636058
1240.255073,306.438199,296.082377,9400.615463
1240.255392,306.438199,-0.000000,9622.677246
1240.255711,612.876398,370.102971,9548.656652
1240.256030,766.095498,370.102971,9844.739029
1240.256349,536.266849,444.123565,9548.656652
1240.256667,536.266849,666.185348,9696.697840
1240.256986,459.657299,592.164754,9474.636058
1240.257305,536.266849,518.144159,9474.636058
1240.257624,383.047749,-0.000000,9622.677246
1240.257943,766.095498,296.082377,9474.636058
1240.258261,612.876398,-0.000000,9474.636058
1240.258580,689.485948,370.102971,9474.636058
1240.258899,612.876398,222.061783,9548.656652
1240.259218,459.657299,370.102971,9474.636058
1240.259537,536.266849,518.144159,9548.656652
1240.259855,459.657299,666.185348,9548.656652
1240.260174,612.876398,592.164754,9252.574275
1240.260493,536.266849,592.164754,9326.594869
1240.260812,229.828649,444.123565,9474.636058
1240.261131,536.266849,444.123565,9400.615463
1240.261449,459.657299,592.164754,9252.574275
1240.261768,536.266849,222.061783,9104.533087
1240.262087,689.485948,-0.000000,9696.697840
1240.262406,612.876398,296.082377,9178.553681
1240.262724,612.876398,222.061783,9178.553681
1240.263043,459.657299,296.082377,9252.574275
1240.263362,766.095498,-0.000000,9326.594869
1240.263681,383.047749,-0.000000,9252.574275
1240.264000,689.485948,-0.000000,9252.574275
1240.264318,229.828649,-0.000000,9104.533087
1240.264637,766.095498,-0.000000,9104.533087
1240.264956,306.438199,-0.000000,9326.594869
1240.265275,459.657299,-0.000000,9030.512492
1240.265594,229.828649,-0.000000,9030.512492
1240.265912,383.047749,-0.000000,9178.553681
1240.266231,459.657299,-0.000000,9326.594869
1240.266550,536.266849,148.041188,9178.553681
1240.266869,689.485948,370.102971,9104.533087
1240.267188,612.876398,-0.000000,8956.491898
1240.267506,612.876398,296.082377,9104.533087
1240.267825,153.219100,-222.061783,9104.533087
1240.268144,612.876398,222.061783,9104.533087
1240.268463,689.485948,222.061783,8808.450710
1240.268782,536.266849,666.185348,8734.430116
1240.269100,536.266849,444.123565,8882.471304
1240.269419,536.266849,296.082377,9104.533087
1240.269738,689.485948,296.082377,8956.491898
1240.270057,536.266849,444.123565,9030.512492
1240.270375,689.485948,518.144159,8956.491898
1240.270694,842.705048,370.102971,9104.533087
1240.271013,612.876398,370.102971,8808.450710
1240.271332,536.266849,-0.000000,9030.512492
1240.271651,612.876398,370.102971,9104.533087
1240.271969,229.828649,666.185348,8882.471304
1240.272288,0.000000,666.185348,8882.471304
1240.272607,229.828649,296.082377,9178.553681
1240.272926,229.828649,370.102971,9400.615463
1240.273245,153.219100,296.082377,9252.574275
1240.273563,229.828649,518.144159,9104.533087
1240.273882,0.000000,592.164754,9326.594869
1240.274201,0.000000,148.041188,9474.636058
1240.274520,0.000000,222.061783,9326.594869
1240.274839,0.000000,-0.000000,9474.636058
1240.275157,153.219100,518.144159,9252.574275
1240.275476,229.828649,222.061783,9474.636058
1240.275795,459.657299,444.123565,9548.656652
1240.276114,76.609550,444.123565,9474.636058
1240.276432,76.609550,222.061783,9474.636058
1240.276751,306.438199,518.144159,9622.677246
1240.277070,919.314598,518.144159,9474.636058
1240.277389,459.657299,740.205942,9400.615463
1240.277707,766.095498,666.185348,9474.636058
1240.278026,766.095498,592.164754,9474.636058
1240.278345,919.314598,444.123565,9326.594869
1240.278664,1072.533697,1258.350101,9474.636058
1240.278982,689.485948,1184.329507,9326.594869
1240.279301,1072.533697,740.205942,9104.533087
1240.279620,1225.752797,666.185348,9548.656652
1240.279939,995.924147,814.226536,9400.615463
1240.280257,1072.533697,518.144159,8956.491898
1240.280576,1302.362347,962.267725,9030.512492
1240.280895,995.924147,740.205942,9474.636058
1240.281214,919.314598,296.082377,9326.594869
1240.281532,842.705048,518.144159,9400.615463
1240.281851,689.485948,296.082377,9770.718434
1240.282170,612.876398,444.123565,9104.533087
1240.282489,612.876398,518.144159,9400.615463
1240.282807,459.657299,444.123565,9622.677246
1240.283126,995.924147,370.102971,9104.533087
1240.283445,612.876398,222.061783,9252.574275
1240.283764,459.657299,370.102971,9474.636058
1240.284082,306.438199,-0.000000,9326.594869
1240.284401,229.828649,296.082377,9326.594869
1240.284720,0.000000,-0.000000,9400.615463
1240.285039,76.609550,-148.041188,9030.512492
1240.285357,0.000000,-74.020594,9252.574275
1240.285676,0.000000,-0.000000,9474.636058
1240.285995,-153.219100,-0.000000,9474.636058
1240.286314,153.219100,148.041188,8882.471304
1240.286632,153.219100,370.102971,9252.574275
1240.286951,0.000000,74.020594,9326.594869
1240.287270,306.438199,-0.000000,9400.615463
1240.287589,229.828649,148.041188,9400.615463
1240.287907,153.219100,-0.000000,9326.594869
1240.288226,383.047749,370.102971,9178.553681
1240.288545,459.657299,296.082377,9104.533087
1240.288864,536.266849,-0.000000,9252.574275
1240.289182,842.705048,-0.000000,9030.512492
1240.289501,689.485948,222.061783,9474.636058
1240.289820,1072.533697,592.164754,9030.512492
1240.290139,766.095498,-0.000000,8660.409521
1240.290457,842.705048,222.061783,9178.553681
1240.290776,995.924147,-0.000000,9030.512492
1240.291095,842.705048,-0.000000,8956.491898
1240.291414,995.924147,370.102971,8808.450710
1240.291732,1072.533697,222.061783,8808.450710
1240.292051,689.485948,148.041188,9030.512492
1240.292370,536.266849,444.123565,9252.574275
1240.292689,842.705048,518.144159,9400.615463
1240.293007,612.876398,222.061783,9030.512492
1240.293326,689.485948,370.102971,8956.491898
1240.293645,612.876398,-0.000000,9178.553681
1240.293964,459.657299,148.041188,9474.636058
1240.294282,383.047749,296.082377,9252.574275
1240.294601,383.047749,444.123565,9178.553681
1240.294920,459.657299,370.102971,9030.512492
1240.295239,383.047749,666.185348,9326.594869
1240.295557,153.219100,370.102971,9326.594869
1240.295876,153.219100,518.144159,9326.594869
1240.296195,76.609550,222.061783,8956.491898
1240.296514,306.438199,518.144159,9252.574275
1240.296832,0.000000,370.102971,9326.594869
1240.297151,153.219100,296.082377,9474.636058
1240.297470,153.219100,518.144159,9400.615463
1240.297789,229.828649,370.102971,9400.615463
1240.298107,383.047749,518.144159,9548.656652
1240.298426,689.485948,592.164754,9400.615463
1240.298745,229.828649,592.164754,9474.636058
1240.299064,459.657299,518.144159,9622.677246
1240.299382,459.657299,666.185348,9474.636058
1240.299701,612.876398,888.247130,9400.615463
1240.300020,766.095498,666.185348,9326.594869
1240.300339,919.314598,666.185348,9400.615463
1240.300657,689.485948,444.123565,9400.615463
1240.300976,766.095498,518.144159,9326.594869
1240.301295,1532.190996,444.123565,9326.594869
1240.301614,919.314598,518.144159,9326.594869
1240.301932,995.924147,444.123565,9474.636058
1240.302251,766.095498,518.144159,9474.636058
1240.302570,842.705048,222.061783,9326.594869
1240.302889,1455.581446,370.102971,9474.636058
1240.303207,459.657299,222.061783,9622.677246
1240.303526,229.828649,-0.000000,9474.636058
1240.303845,229.828649,148.041188,9622.677246
1240.304164,383.047749,222.061783,9548.656652
1240.304482,306.438199,148.041188,9548.656652
1240.304801,229.828649,148.041188,9400.615463
1240.305120,306.438199,222.061783,9474.636058
1240.305439,306.438199,-0.000000,9252.574275
1240.305757,306.438199,148.041188,9474.636058
1240.306076,306.438199,148.041188,9400.615463
1240.306395,153.219100,370.102971,9400.615463
1240.306714,229.828649,-0.000000,8956.491898
1240.307032,76.609550,148.041188,9252.574275
1240.307351,76.609550,296.082377,9474.636058
1240.307670,229.828649,444.123565,9104.533087
1240.307989,0.000000,370.102971,9178.553681
1240.308307,459.657299,370.102971,9030.512492
1240.308626,76.609550,296.082377,9104.533087
1240.308945,153.219100,370.102971,9178.553681
1240.309264,229.828649,296.082377,8956.491898
1240.309582,689.485948,444.123565,8808.450710
1240.309901,459.657299,370.102971,9030.512492
1240.310220,536.266849,370.102971,8956.491898
1240.310539,459.657299,370.102971,8660.409521
1240.310857,612.876398,370.102971,8808.450710
1240.311176,536.266849,444.123565,8734.430116
1240.311495,536.266849,296.082377,8734.430116
1240.311813,229.828649,296.082377,9030.512492
1240.312132,383.047749,296.082377,8882.471304
1240.312451,383.047749,370.102971,9104.533087
1240.312770,612.876398,370.102971,9178.553681
1240.313088,383.047749,-0.000000,9326.594869
1240.313407,306.438199,296.082377,9252.574275
1240.313726,0.000000,-0.000000,9474.636058
1240.314045,229.828649,296.082377,9178.553681
1240.314363,459.657299,444.123565,9178.553681
1240.314682,306.438199,148.041188,9326.594869
1240.315001,536.266849,296.082377,9326.594869
1240.315320,306.438199,370.102971,9326.594869
1240.315638,459.657299,-0.000000,9104.533087
1240.315957,76.609550,296.082377,9326.594869
1240.316276,306.438199,518.144159,9474.636058
1240.316595,383.047749,222.061783,9400.615463
1240.316913,153.219100,-148.041188,9400.615463
1240.317232,306.438199,296.082377,9474.636058
1240.317551,229.828649,222.061783,9474.636058
1240.317870,76.609550,518.144159,9474.636058
1240.318188,536.266849,370.102971,9474.636058
1240.318507,76.609550,296.082377,9918.759623
1240.318826,229.828649,592.164754,9548.656652
1240.319145,689.485948,740.205942,9178.553681
1240.319463,612.876398,666.185348,9400.615463
1240.319782,689.485948,740.205942,9474.636058
1240.320101,689.485948,444.123565,9474.636058
1240.320420,766.095498,592.164754,9178.553681
1240.320738,842.705048,666.185348,9474.636058
1240.321057,919.314598,592.164754,9326.594869
1240.321376,995.924147,666.185348,9474.636058
1240.321695,766.095498,444.123565,9474.636058
1240.322013,612.876398,518.144159,9474.636058
1240.322332,689.485948,370.102971,9474.636058
1240.322651,689.485948,444.123565,9326.594869
1240.322970,536.266849,296.082377,9326.594869
1240.323288,383.047749,444.123565,9548.656652
1240.323607,459.657299,-0.000000,9474.636058
1240.323926,459.657299,222.061783,9474.636058
1240.324245,383.047749,370.102971,9474.636058
1240.324563,76.609550,296.082377,9474.636058
1240.324882,153.219100,74.020594,9400.615463
1240.325201,229.828649,370.102971,9400.615463
1240.325520,76.609550,222.061783,9326.594869
1240.325838,306.438199,296.082377,9326.594869
1240.326157,536.266849,-0.000000,9474.636058
1240.326476,306.438199,296.082377,9400.615463
1240.326795,0.000000,222.061783,9178.553681
1240.327113,76.609550,370.102971,9104.533087
1240.327432,459.657299,296.082377,9474.636058
1240.327751,0.000000,222.061783,9474.636058
1240.328070,153.219100,370.102971,9104.533087
1240.328388,0.000000,444.123565,9178.553681
1240.328707,306.438199,444.123565,9030.512492
1240.329026,459.657299,444.123565,8956.491898
1240.329345,306.438199,370.102971,8956.491898
1240.329663,459.657299,518.144159,8808.450710
1240.329982,306.438199,370.102971,8882.471304
1240.330301,536.266849,518.144159,8882.471304
1240.330620,306.438199,444.123565,8956.491898
1240.330938,689.485948,592.164754,9030.512492
1240.331257,1072.533697,518.144159,8808.450710
1240.331576,536.266849,444.123565,9178.553681
1240.331895,459.657299,370.102971,9030.512492
1240.332213,536.266849,-74.020594,9030.512492
1240.332532,306.438199,-0.000000,9178.553681
1240.332851,536.266849,-0.000000,9400.615463
1240.333170,459.657299,148.041188,8956.491898
1240.333488,76.609550,296.082377,9104.533087
1240.333807,153.219100,-0.000000,9548.656652
1240.334126,383.047749,-0.000000,9104.533087
1240.334445,459.657299,-0.000000,9326.594869
1240.334763,459.657299,518.144159,9104.533087
1240.335082,766.095498,296.082377,9400.615463
1240.335401,0.000000,222.061783,9474.636058
1240.335720,229.828649,-0.000000,9474.636058
1240.336038,153.219100,148.041188,9326.594869
1240.336357,229.828649,592.164754,9400.615463
1240.336676,0.000000,518.144159,9178.553681
1240.336995,76.609550,222.061783,9178.553681
1240.337313,306.438199,740.205942,9474.636058
1240.337632,229.828649,296.082377,9474.636058
1240.337951,229.828649,592.164754,9474.636058
1240.338270,689.485948,740.205942,9400.615463
1240.338588,612.876398,962.267725,9326.594869
1240.338907,689.485948,814.226536,9252.574275
1240.339226,842.705048,518.144159,9252.574275
1240.339545,842.705048,592.164754,9474.636058
1240.339863,1072.533697,666.185348,9178.553681
1240.340182,1225.752797,888.247130,9400.615463
1240.340501,842.705048,962.267725,9474.636058
1240.340820,842.705048,1036.288319,9252.574275
1240.341138,153.219100,222.061783,9474.636058
1240.341457,766.095498,-0.000000,9474.636058
1240.341776,612.876398,222.061783,9622.677246
1240.342095,766.095498,296.082377,9548.656652
1240.342413,689.485948,222.061783,9400.615463
1240.342732,536.266849,222.061783,9622.677246
1240.343051,459.657299,296.082377,9770.718434
1240.343370,306.438199,-0.000000,9474.636058
1240.343688,383.047749,-0.000000,9326.594869
1240.344007,0.000000,370.102971,9474.636058
1240.344326,76.609550,296.082377,9474.636058
1240.344645,0.000000,-0.000000,9474.636058
1240.344963,229.828649,-0.000000,9770.718434
1240.345282,0.000000,-148.041188,9622.677246
1240.345601,-153.219100,-148.041188,9326.594869
1240.345920,76.609550,-0.000000,9474.636058
1240.346238,229.828649,148.041188,9474.636058
1240.346557,153.219100,74.020594,9326.594869
1240.346876,229.828649,148.041188,9400.615463
1240.347195,306.438199,-0.000000,9474.636058
1240.347513,153.219100,444.123565,9252.574275
1240.347832,459.657299,666.185348,9030.512492
1240.348151,612.876398,444.123565,9104.533087
1240.348470,229.828649,370.102971,9030.512492
1240.348788,459.657299,-0.000000,8660.409521
1240.349107,383.047749,370.102971,8956.491898
1240.349426,612.876398,444.123565,8882.471304
1240.349745,536.266849,740.205942,8882.471304
1240.350063,306.438199,444.123565,8438.347739
1240.350382,766.095498,370.102971,9104.533087
1240.350701,689.485948,518.144159,8734.430116
1240.351020,689.485948,518.144159,8882.471304
1240.351338,459.657299,444.123565,8586.388927
1240.351657,766.095498,740.205942,8808.450710
1240.351976,842.705048,444.123565,8956.491898
1240.352295,689.485948,296.082377,8734.430116
1240.352613,612.876398,444.123565,8956.491898
1240.352932,612.876398,370.102971,9178.553681
1240.353251,612.876398,444.123565,9178.553681
1240.353570,612.876398,296.082377,8882.471304
1240.353888,689.485948,444.123565,9104.533087
1240.354207,459.657299,-0.000000,9326.594869
1240.354526,306.438199,148.041188,9178.553681
1240.354845,1225.752797,-148.041188,9104.533087
1240.355163,229.828649,370.102971,9178.553681
1240.355482,383.047749,296.082377,8956.491898
1240.355801,459.657299,444.123565,9474.636058
1240.356120,0.000000,296.082377,9326.594869
1240.356438,0.000000,222.061783,8882.471304
1240.356757,76.609550,370.102971,9400.615463
1240.357076,-229.828649,222.061783,9622.677246
1240.357395,306.438199,370.102971,9252.574275
1240.357713,76.609550,222.061783,9474.636058
1240.358032,153.219100,222.061783,9918.759623
1240.358351,459.657299,148.041188,9622.677246
1240.358670,612.876398,518.144159,9400.615463
1240.358988,766.095498,296.082377,9178.553681
1240.359307,1072.533697,518.144159,9326.594869
1240.359626,1149.143247,592.164754,9178.553681
1240.359945,612.876398,740.205942,9104.533087
1240.360263,842.705048,814.226536,9474.636058
1240.360582,612.876398,666.185348,9252.574275
1240.360901,306.438199,148.041188,9252.574275
1240.361220,842.705048,592.164754,9400.615463
1240.361538,842.705048,296.082377,9474.636058
1240.361857,766.095498,444.123565,9474.636058
1240.362176,536.266849,444.123565,9326.594869
1240.362495,536.266849,592.164754,9474.636058
1240.362813,459.657299,-0.000000,9622.677246
1240.363132,536.266849,296.082377,9622.677246
1240.363451,459.657299,-0.000000,9400.615463
1240.363770,383.047749,-0.000000,9326.594869
1240.364088,536.266849,-0.000000,9474.636058
1240.364407,612.876398,148.041188,9326.594869
1240.364726,383.047749,148.041188,9326.594869
1240.365045,306.438199,296.082377,9400.615463
1240.365363,229.828649,222.061783,9252.574275
1240.365682,153.219100,296.082377,9696.697840
1240.366001,153.219100,-0.000000,9326.594869
1240.366320,0.000000,592.164754,9548.656652
1240.366638,76.609550,-148.041188,9400.615463
1240.366957,153.219100,-0.000000,9474.636058
1240.367276,383.047749,148.041188,9326.594869
1240.367595,229.828649,592.164754,9104.533087
1240.367913,306.438199,518.144159,9104.533087
1240.368232,383.047749,296.082377,9104.533087
1240.368551,689.485948,518.144159,8956.491898
1240.368870,919.314598,592.164754,8956.491898
1240.369188,919.314598,814.226536,8734.430116
1240.369507,383.047749,666.185348,8882.471304
1240.369826,229.828649,370.102971,8882.471304
1240.370145,766.095498,148.041188,9104.533087
1240.370463,842.705048,296.082377,9104.533087
1240.370782,842.705048,222.061783,8956.491898
1240.371101,1302.362347,444.123565,8956.491898
1240.371420,689.485948,296.082377,9178.553681
1240.371738,919.314598,518.144159,8956.491898
1240.372057,612.876398,518.144159,9104.533087
1240.372376,766.095498,444.123565,8956.491898
1240.372695,153.219100,370.102971,8586.388927
1240.373013,459.657299,370.102971,8808.450710
1240.373332,536.266849,222.061783,9400.615463
1240.373651,383.047749,-0.000000,9252.574275
1240.373970,536.266849,-0.000000,9252.574275
1240.374288,766.095498,-148.041188,9030.512492
1240.374607,306.438199,-0.000000,9252.574275
1240.374926,229.828649,-0.000000,9400.615463
1240.375245,153.219100,-0.000000,9400.615463
1240.375563,76.609550,-0.000000,9178.553681
1240.375882,0.000000,148.041188,9474.636058
1240.376201,0.000000,370.102971,9474.636058
1240.376520,306.438199,444.123565,9178.553681
1240.376838,0.000000,444.123565,9252.574275
1240.377157,0.000000,296.082377,9474.636058
1240.377476,0.000000,222.061783,9326.594869
1240.377795,0.000000,740.205942,9326.594869
1240.378114,76.609550,962.267725,9178.553681
1240.378432,76.609550,740.205942,9326.594869
1240.378751,76.609550,592.164754,9474.636058
1240.379070,612.876398,518.144159,9252.574275
1240.379389,536.266849,888.247130,9326.594869
1240.379708,383.047749,888.247130,9474.636058
1240.380027,842.705048,1110.308913,9326.594869
1240.380346,689.485948,1110.308913,9104.533087
1240.380664,1072.533697,1036.288319,9252.574275
1240.380983,995.924147,962.267725,9104.533087
1240.381302,919.314598,888.247130,8882.471304
1240.381621,919.314598,1110.308913,9104.533087
1240.381940,1225.752797,1258.350101,9326.594869
1240.382259,1302.362347,1036.288319,9104.533087
1240.382577,842.705048,-0.000000,9104.533087
1240.382896,1072.533697,370.102971,9474.636058
1240.383215,766.095498,296.082377,9548.656652
1240.383534,842.705048,-0.000000,9400.615463
1240.383853,766.095498,148.041188,9696.697840
1240.384172,459.657299,222.061783,9696.697840
1240.384491,383.047749,370.102971,9474.636058
1240.384809,229.828649,222.061783,9252.574275
1240.385128,689.485948,-74.020594,9622.677246
1240.385447,306.438199,-0.000000,9400.615463
1240.385766,306.438199,-222.061783,9400.615463
1240.386085,76.609550,-0.000000,9696.697840
1240.386404,153.219100,222.061783,9696.697840
1240.386722,306.438199,-74.020594,9252.574275
1240.387041,229.828649,-222.061783,9548.656652
1240.387360,153.219100,-148.041188,9918.759623
1240.387679,306.438199,-0.000000,9252.574275
1240.387998,76.609550,370.102971,9400.615463
1240.388317,229.828649,518.144159,9252.574275
1240.388636,459.657299,666.185348,9030.512492
1240.388954,153.219100,-74.020594,9178.553681
1240.389273,383.047749,-74.020594,9474.636058
1240.389592,459.657299,370.102971,9030.512492
1240.389911,383.047749,666.185348,8438.347739
1240.390230,689.485948,518.144159,8882.471304
1240.390549,459.657299,-0.000000,8956.491898
1240.390867,153.219100,148.041188,9252.574275
1240.391186,919.314598,148.041188,8956.491898
1240.391505,842.705048,370.102971,8956.491898
1240.391824,536.266849,444.123565,8734.430116
1240.392143,842.705048,814.226536,8882.471304
1240.392462,1072.533697,444.123565,8734.430116
1240.392781,536.266849,222.061783,8660.409521
1240.393099,459.657299,-0.000000,8882.471304
1240.393418,689.485948,-74.020594,9104.533087
1240.393737,612.876398,296.082377,8734.430116
1240.394056,459.657299,-0.000000,9178.553681
1240.394375,229.828649,-148.041188,9400.615463
1240.394694,306.438199,-222.061783,9326.594869
1240.395012,383.047749,-74.020594,9104.533087
1240.395331,842.705048,-222.061783,9104.533087
1240.395650,383.047749,-0.000000,9104.533087
1240.395969,383.047749,296.082377,9104.533087
1240.396288,76.609550,296.082377,8956.491898
1240.396607,153.219100,-222.061783,9326.594869
1240.396926,76.609550,-222.061783,9696.697840
1240.397244,0.000000,296.082377,9104.533087
1240.397563,153.219100,666.185348,9400.615463
1240.397882,383.047749,592.164754,9178.553681
1240.398201,76.609550,74.020594,9326.594869
1240.398520,153.219100,-74.020594,9548.656652
1240.398839,766.095498,518.144159,9622.677246
1240.399158,612.876398,888.247130,9252.574275
1240.399476,612.876398,1110.308913,9030.512492
1240.399795,536.266849,666.185348,9400.615463
1240.400114,919.314598,740.205942,9474.636058
1240.400433,766.095498,666.185348,9178.553681
1240.400752,689.485948,814.226536,9252.574275
1240.401071,1072.533697,962.267725,9400.615463
1240.401389,1072.533697,740.205942,8882.471304
1240.401708,842.705048,592.164754,9252.574275
1240.402027,919.314598,666.185348,9474.636058
1240.402346,612.876398,444.123565,9252.574275
1240.402665,383.047749,592.164754,9178.553681
1240.402984,842.705048,814.226536,9696.697840
1240.403303,383.047749,740.205942,9474.636058
1240.403621,0.000000,888.247130,9252.574275
1240.403940,76.609550,296.082377,9326.594869
1240.404259,0.000000,-0.000000,9474.636058
1240.404578,612.876398,148.041188,10140.821405
1240.404897,76.609550,444.123565,9474.636058
1240.405216,76.609550,1110.308913,9548.656652
1240.405534,153.219100,888.247130,9474.636058
1240.405853,0.000000,740.205942,9326.594869
1240.406172,0.000000,74.020594,9474.636058
1240.406491,0.000000,-0.000000,9474.636058
1240.406810,0.000000,148.041188,9400.615463
1240.407129,0.000000,-0.000000,9474.636058
1240.407448,536.266849,370.102971,10066.800811
1240.407766,0.000000,740.205942,9696.697840
1240.408085,612.876398,814.226536,9030.512492
1240.408404,229.828649,518.144159,8660.409521
1240.408723,76.609550,740.205942,9178.553681
1240.409042,689.485948,370.102971,9252.574275
1240.409361,0.000000,1036.288319,9030.512492
1240.409679,459.657299,740.205942,9474.636058
1240.409998,306.438199,888.247130,8882.471304
1240.410317,153.219100,444.123565,9030.512492
1240.410636,689.485948,-148.041188,9622.677246
1240.410955,536.266849,222.061783,9696.697840
1240.411274,536.266849,444.123565,8882.471304
1240.411593,1072.533697,814.226536,8808.450710
1240.411911,995.924147,1184.329507,8956.491898
1240.412230,1225.752797,222.061783,8734.430116
1240.412549,766.095498,-0.000000,8586.388927
1240.412868,842.705048,-0.000000,9178.553681
1240.413187,766.095498,518.144159,8586.388927
1240.413506,842.705048,-0.000000,8586.388927
1240.413824,919.314598,-0.000000,9326.594869
1240.414143,612.876398,-0.000000,9326.594869
1240.414462,306.438199,-222.061783,9252.574275
1240.414781,536.266849,-444.123565,9178.553681
1240.415100,612.876398,-0.000000,9474.636058
1240.415419,612.876398,592.164754,9030.512492
1240.415738,306.438199,592.164754,9030.512492
1240.416056,383.047749,-148.041188,9400.615463
1240.416375,153.219100,-148.041188,9326.594869
1240.416694,76.609550,-74.020594,9474.636058
1240.417013,459.657299,-0.000000,9400.615463
1240.417332,383.047749,740.205942,8734.430116
1240.417651,76.609550,370.102971,8956.491898
1240.417970,0.000000,-74.020594,9400.615463
1240.418288,0.000000,-370.102971,9548.656652
1240.418607,383.047749,-148.041188,9474.636058
1240.418926,459.657299,592.164754,9474.636058
1240.419245,459.657299,740.205942,9104.533087
1240.419564,76.609550,370.102971,9104.533087
1240.419883,306.438199,666.185348,9326.594869
1240.420201,459.657299,-0.000000,9548.656652
1240.420520,76.609550,148.041188,9252.574275
1240.420839,689.485948,740.205942,9178.553681
1240.421158,919.314598,-0.000000,8956.491898
1240.421477,766.095498,518.144159,8956.491898
1240.421796,459.657299,296.082377,9252.574275
1240.422115,459.657299,296.082377,9252.574275
1240.422433,689.485948,296.082377,9474.636058
1240.422752,612.876398,592.164754,9696.697840
1240.423071,766.095498,518.144159,9326.594869
1240.423390,459.657299,-0.000000,9474.636058
1240.423709,612.876398,-0.000000,9622.677246
1240.424028,995.924147,-0.000000,9548.656652
1240.424346,459.657299,222.061783,9400.615463
1240.424665,383.047749,296.082377,9400.615463
1240.424984,383.047749,-0.000000,9400.615463
1240.425303,229.828649,222.061783,9474.636058
1240.425622,153.219100,222.061783,9992.780217
1240.425941,0.000000,-0.000000,9474.636058
1240.426260,76.609550,296.082377,9326.594869
1240.426578,459.657299,148.041188,9400.615463
1240.426897,229.828649,-0.000000,9474.636058
1240.427216,383.047749,592.164754,9400.615463
1240.427535,306.438199,370.102971,9326.594869
1240.427854,229.828649,592.164754,9400.615463
1240.428173,229.828649,592.164754,9030.512492
1240.428491,612.876398,740.205942,9178.553681
1240.428810,689.485948,740.205942,9178.553681
1240.429129,459.657299,740.205942,9104.533087
1240.429448,383.047749,962.267725,9030.512492
1240.429767,536.266849,814.226536,9104.533087
1240.430086,689.485948,592.164754,8808.450710
1240.430405,612.876398,814.226536,9030.512492
1240.430723,536.266849,370.102971,9030.512492
1240.431042,995.924147,962.267725,8956.491898
1240.431361,842.705048,814.226536,8956.491898
1240.431680,766.095498,740.205942,8882.471304
1240.431999,459.657299,592.164754,9030.512492
1240.432318,612.876398,370.102971,9104.533087
1240.432637,689.485948,592.164754,9178.553681
1240.432955,536.266849,592.164754,9030.512492
1240.433274,612.876398,518.144159,9104.533087
1240.433593,766.095498,148.041188,9474.636058
1240.433912,459.657299,-0.000000,9252.574275
1240.434231,383.047749,-74.020594,9400.615463
1240.434550,306.438199,-0.000000,9474.636058
1240.434868,842.705048,222.061783,9326.594869
1240.435187,689.485948,222.061783,9252.574275
1240.435506,612.876398,148.041188,9252.574275
1240.435825,536.266849,-0.000000,9400.615463
1240.436144,76.609550,-0.000000,9474.636058
1240.436463,383.047749,-0.000000,9474.636058
1240.436782,306.438199,296.082377,9474.636058
1240.437100,76.609550,148.041188,9548.656652
1240.437419,229.828649,148.041188,9400.615463
1240.437738,76.609550,-0.000000,9474.636058
1240.438057,383.047749,222.061783,9474.636058
1240.438376,153.219100,148.041188,9400.615463
1240.438695,229.828649,444.123565,9400.615463
1240.439013,536.266849,518.144159,9400.615463
1240.439332,383.047749,518.144159,9104.533087
1240.439651,459.657299,592.164754,9400.615463
1240.439970,766.095498,518.144159,9178.553681
1240.440289,689.485948,518.144159,9104.533087
1240.440608,842.705048,740.205942,9178.553681
1240.440927,995.924147,888.247130,9030.512492
1240.441245,919.314598,444.123565,9178.553681
1240.441564,842.705048,296.082377,9030.512492
1240.441883,1072.533697,666.185348,9178.553681
1240.442202,842.705048,740.205942,9030.512492
1240.442521,689.485948,296.082377,9178.553681
1240.442840,306.438199,148.041188,9252.574275
1240.443158,459.657299,444.123565,9178.553681
1240.443477,536.266849,592.164754,9474.636058
1240.443796,536.266849,148.041188,9326.594869
1240.444115,766.095498,370.102971,9326.594869
1240.444434,689.485948,444.123565,9400.615463
1240.444753,536.266849,370.102971,9104.533087
1240.445072,536.266849,296.082377,9326.594869
1240.445390,229.828649,-0.000000,9326.594869
1240.445709,76.609550,148.041188,9252.574275
1240.446028,76.609550,-0.000000,9326.594869
1240.446347,306.438199,296.082377,9326.594869
1240.446666,0.000000,-74.020594,9474.636058
1240.446985,0.000000,148.041188,9474.636058
1240.447303,612.876398,222.061783,9474.636058
1240.447622,0.000000,222.061783,9400.615463
1240.447941,-153.219100,148.041188,9400.615463
1240.448260,0.000000,222.061783,9400.615463
1240.448579,229.828649,222.061783,9252.574275
1240.448898,383.047749,518.144159,9400.615463
1240.449217,459.657299,592.164754,9474.636058
1240.449535,383.047749,296.082377,9400.615463
1240.449854,459.657299,444.123565,9030.512492
1240.450173,459.657299,740.205942,9326.594869
1240.450492,995.924147,518.144159,9104.533087
1240.450811,919.314598,740.205942,9030.512492
1240.451130,689.485948,666.185348,9104.533087
1240.451449,842.705048,518.144159,9104.533087
1240.451767,842.705048,444.123565,8956.491898
1240.452086,689.485948,592.164754,9252.574275
1240.452405,536.266849,370.102971,9178.553681
1240.452724,536.266849,370.102971,9178.553681
1240.453043,612.876398,296.082377,9104.533087
1240.453362,459.657299,148.041188,9178.553681
1240.453680,383.047749,296.082377,9252.574275
1240.453999,306.438199,296.082377,9326.594869
1240.454318,229.828649,296.082377,9252.574275
1240.454637,536.266849,296.082377,9252.574275
1240.454956,536.266849,148.041188,9474.636058
1240.455275,76.609550,148.041188,9104.533087
1240.455594,612.876398,370.102971,9104.533087
1240.455912,383.047749,296.082377,9104.533087
1240.456231,153.219100,-0.000000,9178.553681
1240.456550,153.219100,222.061783,9326.594869
1240.456869,229.828649,148.041188,9326.594869
1240.457188,76.609550,444.123565,9474.636058
1240.457507,229.828649,148.041188,9326.594869
1240.457825,76.609550,444.123565,9474.636058
1240.458144,0.000000,222.061783,9326.594869
1240.458463,536.266849,592.164754,9104.533087
1240.458782,306.438199,370.102971,9104.533087
1240.459101,459.657299,888.247130,9030.512492
1240.459420,689.485948,296.082377,9104.533087
1240.459739,612.876398,518.144159,9104.533087
1240.460057,919.314598,518.144159,9030.512492
1240.460376,842.705048,666.185348,8956.491898
1240.460695,612.876398,814.226536,9030.512492
1240.461014,842.705048,666.185348,9326.594869
1240.461333,766.095498,666.185348,8808.450710
1240.461652,612.876398,888.247130,9104.533087
1240.461970,689.485948,814.226536,9400.615463
1240.462289,919.314598,444.123565,8956.491898
1240.462608,766.095498,222.061783,9326.594869
1240.462927,536.266849,-0.000000,9548.656652
1240.463246,536.266849,222.061783,9474.636058
1240.463565,766.095498,74.020594,9252.574275
1240.463884,842.705048,148.041188,9474.636058
1240.464202,1072.533697,-0.000000,9474.636058
1240.464521,842.705048,-0.000000,9400.615463
1240.464840,689.485948,-0.000000,9252.574275
1240.465159,689.485948,-0.000000,9252.574275
1240.465478,1072.533697,-0.000000,8956.491898
1240.465797,459.657299,-0.000000,9178.553681
1240.466115,459.657299,-148.041188,9474.636058
1240.466434,229.828649,-0.000000,9400.615463
1240.466753,0.000000,-0.000000,9548.656652
1240.467072,306.438199,-148.041188,9474.636058
1240.467391,306.438199,-222.061783,9548.656652
1240.467710,306.438199,-222.061783,9474.636058
1240.468029,76.609550,-0.000000,9548.656652
1240.468347,229.828649,-0.000000,9104.533087
1240.468666,383.047749,370.102971,9252.574275
1240.468985,153.219100,296.082377,9474.636058
1240.469304,689.485948,444.123565,9178.553681
1240.469623,383.047749,592.164754,8882.471304
1240.469942,842.705048,444.123565,9104.533087
1240.470261,689.485948,296.082377,8882.471304
1240.470579,689.485948,296.082377,8882.471304
1240.470898,612.876398,444.123565,9030.512492
1240.471217,536.266849,666.185348,9030.512492
1240.471536,459.657299,222.061783,8660.409521
1240.471855,689.485948,370.102971,8956.491898
1240.472174,229.828649,518.144159,9252.574275
1240.472492,612.876398,666.185348,9030.512492
1240.472811,612.876398,518.144159,8956.491898
1240.473130,383.047749,296.082377,8734.430116
1240.473449,536.266849,296.082377,8882.471304
1240.473768,383.047749,740.205942,9104.533087
1240.474087,612.876398,666.185348,9030.512492
1240.474406,306.438199,370.102971,8956.491898
1240.474724,0.000000,296.082377,9326.594869
1240.475043,536.266849,740.205942,9252.574275
1240.475362,0.000000,148.041188,9178.553681
1240.475681,383.047749,444.123565,9474.636058
1240.476000,-153.219100,444.123565,9474.636058
1240.476319,76.609550,444.123565,9400.615463
1240.476637,76.609550,148.041188,9326.594869
1240.476956,153.219100,-0.000000,9548.656652
1240.477275,153.219100,296.082377,9474.636058
1240.477594,153.219100,666.185348,9400.615463
1240.477913,0.000000,666.185348,9252.574275
1240.478232,229.828649,666.185348,9474.636058
1240.478551,536.266849,444.123565,9400.615463
1240.478870,306.438199,444.123565,9400.615463
1240.479188,766.095498,-0.000000,9474.636058
1240.479507,689.485948,740.205942,9400.615463
1240.479826,306.438199,740.205942,9400.615463
1240.480145,383.047749,592.164754,9474.636058
1240.480464,842.705048,444.123565,9548.656652
1240.480783,766.095498,370.102971,9252.574275
1240.481102,995.924147,592.164754,9030.512492
1240.481420,689.485948,666.185348,9400.615463
1240.481739,919.314598,666.185348,9326.594869
1240.482058,766.095498,814.226536,9474.636058
1240.482377,766.095498,370.102971,9178.553681
1240.482696,689.485948,444.123565,9474.636058
1240.483015,689.485948,444.123565,9474.636058
1240.483334,766.095498,222.061783,9474.636058
1240.483652,766.095498,222.061783,9474.636058
1240.483971,842.705048,-0.000000,9326.594869
1240.484290,536.266849,-0.000000,9326.594869
1240.484609,612.876398,74.020594,9326.594869
1240.484928,459.657299,148.041188,9400.615463
1240.485247,766.095498,-74.020594,9474.636058
1240.485566,536.266849,-0.000000,9400.615463
1240.485885,153.219100,-0.000000,9400.615463
1240.486203,229.828649,-0.000000,9400.615463
1240.486522,459.657299,-74.020594,9548.656652
1240.486841,153.219100,-148.041188,9178.553681
1240.487160,0.000000,-0.000000,9622.677246
1240.487479,383.047749,-0.000000,9400.615463
1240.487798,0.000000,-0.000000,9178.553681
1240.488117,459.657299,-74.020594,9474.636058
1240.488435,229.828649,-0.000000,9178.553681
1240.488754,76.609550,148.041188,9030.512492
1240.489073,306.438199,370.102971,9178.553681
1240.489392,383.047749,370.102971,9030.512492
1240.489711,153.219100,148.041188,9178.553681
1240.490030,383.047749,370.102971,8882.471304
1240.490349,229.828649,444.123565,9178.553681
1240.490667,459.657299,370.102971,9030.512492
1240.490986,842.705048,-0.000000,8956.491898
1240.491305,459.657299,592.164754,9030.512492
1240.491624,536.266849,740.205942,8956.491898
1240.491943,689.485948,592.164754,8956.491898
1240.492262,383.047749,518.144159,8734.430116
1240.492581,919.314598,518.144159,8660.409521
1240.492900,995.924147,666.185348,8882.471304
1240.493218,766.095498,666.185348,8660.409521
1240.493537,612.876398,666.185348,9030.512492
1240.493856,842.705048,962.267725,8882.471304
1240.494175,536.266849,296.082377,8956.491898
1240.494494,536.266849,444.123565,9030.512492
1240.494813,306.438199,222.061783,9178.553681
1240.495132,0.000000,296.082377,9326.594869
1240.495450,76.609550,444.123565,9622.677246
1240.495769,229.828649,148.041188,9548.656652
1240.496088,0.000000,370.102971,9548.656652
1240.496407,0.000000,592.164754,9474.636058
1240.496726,0.000000,370.102971,9400.615463
1240.497045,153.219100,444.123565,9548.656652
1240.497364,153.219100,444.123565,9326.594869
1240.497682,306.438199,740.205942,9252.574275
1240.498001,229.828649,518.144159,9548.656652
1240.498320,0.000000,518.144159,9474.636058
1240.498639,459.657299,592.164754,9474.636058
1240.498958,459.657299,666.185348,9548.656652
1240.499277,306.438199,592.164754,9326.594869
1240.499596,306.438199,740.205942,9326.594869
1240.499914,153.219100,666.185348,9474.636058
1240.500233,536.266849,740.205942,9178.553681
1240.500552,383.047749,666.185348,9474.636058
1240.500871,689.485948,1036.288319,9548.656652
1240.501190,612.876398,740.205942,9326.594869
1240.501509,612.876398,740.205942,9474.636058
1240.501828,766.095498,740.205942,9474.636058
1240.502147,766.095498,740.205942,9474.636058
1240.502465,995.924147,592.164754,9252.574275
1240.502784,995.924147,666.185348,9178.553681
1240.503103,1302.362347,814.226536,9474.636058
1240.503422,1072.533697,592.164754,9400.615463
1240.503741,1149.143247,592.164754,9178.553681
1240.504060,919.314598,370.102971,9400.615463
1240.504379,766.095498,296.082377,9178.553681
1240.504697,689.485948,-0.000000,9696.697840
1240.505016,459.657299,-0.000000,9400.615463
1240.505335,459.657299,-0.000000,9474.636058
1240.505654,383.047749,148.041188,9474.636058
1240.505973,383.047749,-0.000000,9474.636058
1240.506292,383.047749,-0.000000,9770.718434
1240.506611,229.828649,-222.061783,9400.615463
1240.506929,612.876398,-0.000000,8956.491898
1240.507248,76.609550,-0.000000,9326.594869
1240.507567,306.438199,-0.000000,9326.594869
1240.507886,383.047749,-148.041188,9178.553681
1240.508205,76.609550,296.082377,9178.553681
1240.508524,153.219100,222.061783,9178.553681
1240.508843,153.219100,-0.000000,9178.553681
1240.509162,0.000000,592.164754,9252.574275
1240.509480,153.219100,222.061783,9252.574275
1240.509799,229.828649,444.123565,8956.491898
1240.510118,0.000000,444.123565,9178.553681
1240.510437,306.438199,444.123565,9030.512492
1240.510756,612.876398,592.164754,9400.615463
1240.511075,229.828649,444.123565,9030.512492
1240.511394,459.657299,518.144159,9104.533087
1240.511712,689.485948,296.082377,8882.471304
1240.512031,383.047749,444.123565,8882.471304
1240.512350,536.266849,444.123565,8956.491898
1240.512669,689.485948,592.164754,8882.471304
1240.512988,383.047749,370.102971,8956.491898
1240.513307,536.266849,370.102971,8734.430116
1240.513626,536.266849,222.061783,8882.471304
1240.513944,383.047749,-0.000000,8586.388927
1240.514263,536.266849,222.061783,9104.533087
1240.514582,153.219100,222.061783,9104.533087
1240.514901,229.828649,370.102971,9252.574275
1240.515220,-153.219100,222.061783,9104.533087
1240.515539,153.219100,222.061783,9326.594869
1240.515858,383.047749,444.123565,9326.594869
1240.516177,383.047749,-0.000000,9326.594869
1240.516495,306.438199,222.061783,9326.594869
1240.516814,766.095498,-148.041188,9104.533087
1240.517133,536.266849,-0.000000,9474.636058
1240.517452,229.828649,148.041188,9400.615463
1240.517771,306.438199,370.102971,9474.636058
1240.518090,229.828649,518.144159,9400.615463
1240.518409,612.876398,444.123565,9400.615463
1240.518727,689.485948,444.123565,9252.574275
1240.519046,459.657299,518.144159,9474.636058
1240.519365,536.266849,740.205942,9400.615463
1240.519684,919.314598,444.123565,9622.677246
1240.520003,229.828649,740.205942,9474.636058
1240.520322,459.657299,740.205942,9474.636058
1240.520641,536.266849,888.247130,9400.615463
1240.520959,1149.143247,888.247130,9252.574275
1240.521278,766.095498,888.247130,9474.636058
1240.521597,842.705048,888.247130,9474.636058
1240.521916,612.876398,666.185348,9326.594869
1240.522235,612.876398,592.164754,9252.574275
1240.522554,919.314598,740.205942,9326.594869
1240.522873,766.095498,814.226536,9400.615463
1240.523191,536.266849,444.123565,9326.594869
1240.523510,689.485948,740.205942,9252.574275
1240.523829,536.266849,370.102971,9400.615463
1240.524148,612.876398,518.144159,9474.636058
1240.524467,536.266849,222.061783,9400.615463
1240.524786,306.438199,222.061783,9548.656652
1240.525105,536.266849,148.041188,9474.636058
1240.525424,459.657299,444.123565,9252.574275
1240.525742,689.485948,-0.000000,9326.594869
1240.526061,536.266849,370.102971,9400.615463
1240.526380,153.219100,74.020594,9400.615463
1240.526699,459.657299,-0.000000,9326.594869
1240.527018,383.047749,148.041188,9252.574275
1240.527337,536.266849,-74.020594,9252.574275
1240.527656,306.438199,-0.000000,9252.574275
1240.527974,306.438199,-0.000000,9252.574275
1240.528293,383.047749,74.020594,9252.574275
1240.528612,229.828649,222.061783,9400.615463
1240.528931,76.609550,-0.000000,9474.636058
1240.529250,153.219100,222.061783,9326.594869
1240.529569,536.266849,222.061783,9252.574275
1240.529888,229.828649,370.102971,9178.553681
1240.530206,689.485948,370.102971,9252.574275
1240.530525,536.266849,148.041188,8956.491898
1240.530844,459.657299,444.123565,9252.574275
1240.531163,689.485948,444.123565,8956.491898
1240.531482,459.657299,296.082377,8882.471304
1240.531801,766.095498,518.144159,8956.491898
1240.532120,229.828649,370.102971,8956.491898
1240.532439,689.485948,592.164754,9030.512492
1240.532757,536.266849,296.082377,8956.491898
1240.533076,383.047749,370.102971,8956.491898
1240.533395,612.876398,-0.000000,9326.594869
1240.533714,536.266849,370.102971,8956.491898
1240.534033,306.438199,296.082377,8882.471304
1240.534352,153.219100,296.082377,9104.533087
1240.534671,383.047749,370.102971,9178.553681
1240.534989,153.219100,296.082377,9326.594869
1240.535308,459.657299,370.102971,9400.615463
1240.535627,612.876398,296.082377,9104.533087
1240.535946,383.047749,148.041188,9252.574275
1240.536265,306.438199,148.041188,9178.553681
1240.536584,306.438199,370.102971,9400.615463
1240.536903,383.047749,-0.000000,9252.574275
1240.537221,153.219100,296.082377,9474.636058
1240.537540,76.609550,370.102971,9326.594869
1240.537859,459.657299,-0.000000,9030.512492
1240.538178,229.828649,222.061783,9400.615463
1240.538497,536.266849,370.102971,9252.574275
1240.538816,153.219100,444.123565,9474.636058
1240.539135,383.047749,666.185348,9474.636058
1240.539454,842.705048,444.123565,9326.594869
1240.539772,459.657299,518.144159,9474.636058
1240.540091,383.047749,666.185348,9326.594869
1240.540410,536.266849,740.205942,9400.615463
1240.540729,919.314598,592.164754,9474.636058
1240.541048,919.314598,592.164754,9474.636058
1240.541367,1149.143247,888.247130,9252.574275
1240.541686,536.266849,370.102971,9474.636058
1240.542004,842.705048,814.226536,9030.512492
1240.542323,995.924147,814.226536,9326.594869
1240.542642,689.485948,666.185348,9326.594869
1240.542961,919.314598,740.205942,9400.615463
1240.543280,919.314598,666.185348,9474.636058
1240.543599,689.485948,518.144159,9252.574275
1240.543918,689.485948,-0.000000,9474.636058
1240.544236,612.876398,370.102971,9400.615463
1240.544555,689.485948,222.061783,9326.594869
1240.544874,459.657299,222.061783,9474.636058
1240.545193,153.219100,-0.000000,9696.697840
1240.545512,306.438199,148.041188,9474.636058
1240.545831,153.219100,-0.000000,9400.615463
1240.546150,306.438199,148.041188,9400.615463
1240.546469,306.438199,148.041188,9474.636058
1240.546787,0.000000,-0.000000,9400.615463
1240.547106,229.828649,148.041188,9400.615463
1240.547425,229.828649,-0.000000,9400.615463
1240.547744,306.438199,-0.000000,9474.636058
1240.548063,459.657299,-0.000000,9400.615463
1240.548382,689.485948,-0.000000,9474.636058
1240.548701,536.266849,296.082377,9178.553681
1240.549019,306.438199,222.061783,9178.553681
1240.549338,536.266849,148.041188,9252.574275
1240.549657,383.047749,592.164754,9400.615463
1240.549976,153.219100,222.061783,9178.553681
1240.550295,459.657299,444.123565,9326.594869
1240.550614,383.047749,370.102971,9178.553681
1240.550933,612.876398,370.102971,9178.553681
1240.551251,1302.362347,370.102971,9030.512492
1240.551570,995.924147,592.164754,8808.450710
1240.551889,612.876398,444.123565,8882.471304
1240.552208,995.924147,518.144159,8882.471304
1240.552527,766.095498,222.061783,8882.471304
1240.552846,689.485948,74.020594,9104.533087
1240.553165,842.705048,518.144159,8808.450710
1240.553483,842.705048,370.102971,8882.471304
1240.553802,919.314598,370.102971,9030.512492
1240.554121,536.266849,592.164754,9104.533087
1240.554440,766.095498,296.082377,9474.636058
1240.554759,306.438199,148.041188,9030.512492
1240.555078,536.266849,444.123565,9400.615463
1240.555397,383.047749,148.041188,9104.533087
1240.555716,306.438199,222.061783,9178.553681
1240.556034,306.438199,296.082377,9474.636058
1240.556353,229.828649,296.082377,9252.574275
1240.556672,153.219100,222.061783,9178.553681
1240.556991,459.657299,370.102971,9252.574275
1240.557310,689.485948,-0.000000,9474.636058
1240.557629,459.657299,370.102971,9400.615463
1240.557948,306.438199,296.082377,9178.553681
1240.558266,76.609550,222.061783,9252.574275
1240.558585,459.657299,518.144159,9474.636058
1240.558904,383.047749,444.123565,9474.636058
1240.559223,0.000000,370.102971,9474.636058
1240.559542,76.609550,444.123565,9474.636058
1240.559861,0.000000,518.144159,9474.636058
1240.560180,0.000000,518.144159,9474.636058
1240.560498,76.609550,370.102971,9326.594869
1240.560817,229.828649,592.164754,9474.636058
1240.561136,229.828649,592.164754,9474.636058
1240.561455,383.047749,444.123565,9326.594869
1240.561774,536.266849,666.185348,9400.615463
1240.562093,1072.533697,592.164754,9474.636058
1240.562412,689.485948,666.185348,9400.615463
1240.562731,919.314598,814.226536,9252.574275
1240.563049,842.705048,592.164754,9252.574275
1240.563368,995.924147,592.164754,9326.594869
1240.563687,459.657299,370.102971,9252.574275
1240.564006,536.266849,370.102971,9252.574275
1240.564325,689.485948,592.164754,9252.574275
1240.564644,536.266849,370.102971,9474.636058
1240.564963,536.266849,370.102971,9326.594869
1240.565281,306.438199,222.061783,9474.636058
1240.565600,459.657299,-0.000000,9474.636058
1240.565919,459.657299,222.061783,9474.636058
1240.566238,459.657299,-0.000000,9252.574275
1240.566557,459.657299,296.082377,9696.697840
1240.566876,383.047749,74.020594,9622.677246
1240.567195,612.876398,296.082377,9252.574275
1240.567513,306.438199,296.082377,9326.594869
1240.567832,306.438199,148.041188,9252.574275
1240.568151,536.266849,148.041188,9326.594869
1240.568470,229.828649,-0.000000,9400.615463
1240.568789,306.438199,148.041188,9252.574275
1240.569108,229.828649,296.082377,9326.594869
1240.569427,383.047749,148.041188,9400.615463
1240.569746,-153.219100,444.123565,9474.636058
1240.570064,229.828649,222.061783,9104.533087
1240.570383,153.219100,370.102971,9474.636058
1240.570702,229.828649,444.123565,9104.533087
1240.571021,459.657299,444.123565,9030.512492
1240.571340,536.266849,370.102971,8956.491898
1240.571659,536.266849,592.164754,9104.533087
1240.571978,766.095498,592.164754,8956.491898
1240.572296,383.047749,518.144159,8882.471304
1240.572615,459.657299,518.144159,9178.553681
1240.572934,536.266849,296.082377,8808.450710
1240.573253,383.047749,148.041188,8956.491898
1240.573572,536.266849,370.102971,9104.533087
1240.573891,919.314598,-0.000000,9104.533087
1240.574210,536.266849,222.061783,9030.512492
1240.574528,459.657299,-0.000000,9104.533087
1240.574847,536.266849,148.041188,9104.533087
1240.575166,229.828649,296.082377,9178.553681
1240.575485,229.828649,296.082377,9400.615463
1240.575804,229.828649,222.061783,9252.574275
1240.576123,383.047749,-0.000000,9104.533087
1240.576442,306.438199,-0.000000,9252.574275
1240.576760,153.219100,-0.000000,9326.594869
1240.577079,153.219100,-222.061783,9474.636058
1240.577398,153.219100,74.020594,9400.615463
1240.577717,229.828649,444.123565,9252.574275
1240.578036,153.219100,370.102971,9474.636058
1240.578355,612.876398,148.041188,9474.636058
1240.578674,306.438199,370.102971,9400.615463
1240.578993,306.438199,444.123565,9400.615463
1240.579311,459.657299,444.123565,9474.636058
1240.579630,536.266849,518.144159,9474.636058
1240.579949,536.266849,370.102971,9400.615463
1240.580268,306.438199,518.144159,9326.594869
1240.580587,612.876398,592.164754,9474.636058
1240.580906,612.876398,814.226536,9474.636058
1240.581225,689.485948,740.205942,9252.574275
1240.581543,766.095498,814.226536,9474.636058
1240.581862,689.485948,592.164754,9178.553681
1240.582181,919.314598,518.144159,9400.615463
1240.582500,919.314598,740.205942,9178.553681
1240.582819,995.924147,666.185348,9030.512492
1240.583138,842.705048,888.247130,9252.574275
1240.583457,1072.533697,518.144159,9400.615463
1240.583775,1149.143247,666.185348,9178.553681
1240.584094,842.705048,518.144159,9252.574275
1240.584413,766.095498,666.185348,9326.594869
1240.584732,995.924147,-0.000000,9474.636058
1240.585051,612.876398,296.082377,9400.615463
1240.585370,459.657299,-0.000000,9474.636058
1240.585689,536.266849,148.041188,9474.636058
1240.586007,1225.752797,-0.000000,9548.656652
1240.586326,229.828649,444.123565,9474.636058
1240.586645,306.438199,444.123565,9400.615463
1240.586964,0.000000,74.020594,9400.615463
1240.587283,229.828649,222.061783,9326.594869
1240.587602,306.438199,148.041188,9252.574275
1240.587921,229.828649,222.061783,9474.636058
1240.588239,76.609550,296.082377,9400.615463
1240.588558,0.000000,148.041188,9252.574275
1240.588877,0.000000,222.061783,9252.574275
1240.589196,153.219100,222.061783,9474.636058
1240.589515,-229.828649,148.041188,9474.636058
1240.589834,-229.828649,370.102971,9326.594869
1240.590153,76.609550,518.144159,9030.512492
1240.590471,229.828649,444.123565,9326.594869
1240.590790,689.485948,518.144159,8956.491898
1240.591109,383.047749,592.164754,9178.553681
1240.591428,383.047749,592.164754,9104.533087
1240.591747,536.266849,444.123565,8956.491898
1240.592066,612.876398,592.164754,8956.491898
1240.592384,689.485948,444.123565,9474.636058
1240.592703,842.705048,740.205942,9178.553681
1240.593022,383.047749,370.102971,8882.471304
1240.593341,383.047749,444.123565,8808.450710
1240.593660,842.705048,370.102971,8956.491898
1240.593979,383.047749,148.041188,8882.471304
1240.594298,306.438199,222.061783,9030.512492
1240.594616,612.876398,-0.000000,9178.553681
1240.594935,306.438199,222.061783,9104.533087
1240.595254,459.657299,370.102971,9548.656652
1240.595573,459.657299,370.102971,9474.636058
1240.595892,612.876398,222.061783,9030.512492
1240.596211,153.219100,-0.000000,9104.533087
1240.596530,229.828649,296.082377,9252.574275
1240.596848,612.876398,-0.000000,9474.636058
1240.597167,383.047749,-0.000000,9400.615463
1240.597486,383.047749,-0.000000,9104.533087
1240.597805,229.828649,148.041188,9474.636058
1240.598124,306.438199,148.041188,9474.636058
1240.598443,383.047749,296.082377,9474.636058
1240.598762,0.000000,74.020594,9548.656652
1240.599080,459.657299,-0.000000,9178.553681
1240.599399,153.219100,370.102971,9474.636058
1240.599718,0.000000,592.164754,9400.615463
1240.600037,153.219100,592.164754,9474.636058
1240.600356,229.828649,518.144159,9326.594869
1240.600675,306.438199,518.144159,9400.615463
1240.600994,229.828649,666.185348,9252.574275
1240.601312,1149.143247,296.082377,9104.533087
1240.601631,459.657299,518.144159,9326.594869
1240.601950,919.314598,814.226536,9326.594869
1240.602269,536.266849,888.247130,9326.594869
1240.602588,842.705048,666.185348,9178.553681
1240.602907,536.266849,740.205942,9104.533087
1240.603226,689.485948,740.205942,9252.574275
1240.603544,919.314598,666.185348,9326.594869
1240.603863,842.705048,592.164754,9252.574275
1240.604182,459.657299,296.082377,9474.636058
1240.604501,612.876398,592.164754,9326.594869
1240.604820,536.266849,518.144159,9326.594869
1240.605139,612.876398,444.123565,9326.594869
1240.605458,383.047749,296.082377,9474.636058
1240.605776,842.705048,518.144159,9474.636058
1240.606095,689.485948,222.061783,9178.553681
1240.606414,459.657299,222.061783,9474.636058
1240.606733,459.657299,222.061783,9400.615463
1240.607052,459.657299,222.061783,9326.594869
1240.607371,153.219100,-0.000000,9252.574275
1240.607690,153.219100,-0.000000,9326.594869
1240.608008,229.828649,148.041188,9252.574275
1240.608327,229.828649,222.061783,9474.636058
1240.608646,153.219100,-0.000000,9548.656652
1240.608965,0.000000,-148.041188,9400.615463
1240.609284,229.828649,296.082377,9326.594869
1240.609603,76.609550,222.061783,9474.636058
1240.609921,229.828649,222.061783,9326.594869
1240.610240,536.266849,370.102971,9326.594869
1240.610559,229.828649,518.144159,9548.656652
1240.610878,229.828649,370.102971,9252.574275
1240.611197,383.047749,370.102971,8956.491898
1240.611516,536.266849,518.144159,9104.533087
1240.611835,842.705048,370.102971,9030.512492
1240.612153,306.438199,518.144159,9104.533087
1240.612472,612.876398,518.144159,8956.491898
1240.612791,689.485948,370.102971,9030.512492
1240.613110,459.657299,518.144159,8882.471304
1240.613429,842.705048,296.082377,9030.512492
1240.613748,766.095498,592.164754,9252.574275
1240.614067,536.266849,296.082377,9030.512492
1240.614385,689.485948,222.061783,8956.491898
1240.614704,536.266849,370.102971,9030.512492
1240.615023,459.657299,444.123565,9252.574275
1240.615342,459.657299,-0.000000,9030.512492
1240.615661,536.266849,444.123565,9030.512492
1240.615980,383.047749,296.082377,9178.553681
1240.616299,383.047749,148.041188,9178.553681
1240.616617,306.438199,-0.000000,9548.656652
1240.616936,306.438199,296.082377,9252.574275
1240.617255,536.266849,296.082377,9104.533087
1240.617574,459.657299,222.061783,9474.636058
1240.617893,689.485948,296.082377,9400.615463
1240.618212,383.047749,-296.082377,9400.615463
1240.618531,229.828649,222.061783,9104.533087
1240.618849,-153.219100,-0.000000,9474.636058
1240.619168,0.000000,370.102971,9474.636058
1240.619487,306.438199,666.185348,9474.636058
1240.619806,-153.219100,444.123565,9400.615463
1240.620125,153.219100,444.123565,9474.636058
1240.620444,153.219100,518.144159,9474.636058
1240.620763,459.657299,518.144159,9326.594869
1240.621081,383.047749,592.164754,9474.636058
1240.621400,383.047749,592.164754,9474.636058
1240.621719,383.047749,592.164754,9178.553681
1240.622038,536.266849,666.185348,9326.594869
1240.622357,689.485948,740.205942,9252.574275
1240.622676,995.924147,-0.000000,9326.594869
1240.622995,842.705048,666.185348,9178.553681
1240.623313,995.924147,592.164754,9252.574275
1240.623632,842.705048,592.164754,9326.594869
1240.623951,995.924147,518.144159,9326.594869
1240.624270,1072.533697,370.102971,9326.594869
1240.624589,842.705048,370.102971,9400.615463
1240.624908,919.314598,222.061783,8956.491898
1240.625227,766.095498,222.061783,9326.594869
1240.625545,612.876398,296.082377,9474.636058
1240.625864,536.266849,-0.000000,9400.615463
1240.626183,842.705048,222.061783,9474.636058
1240.626502,612.876398,222.061783,9474.636058
1240.626821,689.485948,-0.000000,9326.594869
1240.627140,76.609550,148.041188,9474.636058
1240.627458,459.657299,-74.020594,9252.574275
1240.627777,229.828649,-0.000000,9474.636058
1240.628096,76.609550,-0.000000,9326.594869
1240.628415,76.609550,148.041188,9474.636058
1240.628734,76.609550,-0.000000,9844.739029
1240.629053,0.000000,-0.000000,9474.636058
1240.629372,0.000000,148.041188,9326.594869
1240.629690,0.000000,222.061783,9400.615463
1240.630009,229.828649,148.041188,9178.553681
1240.630328,766.095498,222.061783,9326.594869
1240.630647,153.219100,370.102971,9400.615463
1240.630966,153.219100,222.061783,9178.553681
1240.631285,153.219100,518.144159,9252.574275
1240.631604,689.485948,370.102971,9178.553681
1240.631922,229.828649,518.144159,8956.491898
1240.632241,229.828649,518.144159,8734.430116
1240.632560,383.047749,592.164754,8808.450710
1240.632879,383.047749,518.144159,8956.491898
1240.633198,459.657299,666.185348,9326.594869
1240.633517,766.095498,666.185348,8882.471304
1240.633836,536.266849,666.185348,8660.409521
1240.634154,766.095498,592.164754,8956.491898
1240.634473,919.314598,296.082377,9030.512492
1240.634792,842.705048,444.123565,8882.471304
1240.635111,689.485948,666.185348,8956.491898
1240.635430,842.705048,518.144159,8956.491898
1240.635749,689.485948,370.102971,8882.471304
1240.636068,459.657299,222.061783,9252.574275
1240.636386,536.266849,148.041188,9104.533087
1240.636705,689.485948,222.061783,9326.594869
1240.637024,459.657299,222.061783,9178.553681
1240.637343,766.095498,370.102971,9474.636058
1240.637662,383.047749,222.061783,9252.574275
1240.637981,153.219100,-0.000000,9400.615463
1240.638300,536.266849,296.082377,9400.615463
1240.638618,229.828649,296.082377,9326.594869
1240.638937,306.438199,296.082377,9326.594869
1240.639256,229.828649,148.041188,9326.594869
1240.639575,229.828649,222.061783,9474.636058
1240.639894,76.609550,370.102971,9474.636058
1240.640213,76.609550,370.102971,9400.615463
1240.640532,76.609550,370.102971,9400.615463
1240.640850,76.609550,518.144159,9400.615463
1240.641169,153.219100,370.102971,9326.594869
1240.641488,459.657299,370.102971,9400.615463
1240.641807,459.657299,518.144159,9474.636058
1240.642126,76.609550,518.144159,9474.636058
1240.642445,383.047749,518.144159,9474.636058
1240.642763,536.266849,592.164754,9326.594869
1240.643082,842.705048,592.164754,9326.594869
1240.643401,766.095498,666.185348,9326.594869
1240.643720,766.095498,592.164754,9030.512492
1240.644039,612.876398,518.144159,9400.615463
1240.644358,995.924147,592.164754,8956.491898
1240.644677,919.314598,592.164754,9326.594869
1240.644995,459.657299,444.123565,9474.636058
1240.645314,919.314598,666.185348,9474.636058
1240.645633,536.266849,444.123565,9474.636058
1240.645952,612.876398,222.061783,9326.594869
1240.646271,766.095498,444.123565,9474.636058
1240.646590,995.924147,-0.000000,9548.656652
1240.646909,536.266849,148.041188,9548.656652
1240.647227,689.485948,-74.020594,9178.553681
1240.647546,536.266849,-0.000000,9400.615463
1240.647865,536.266849,-0.000000,9474.636058
1240.648184,536.266849,-0.000000,9252.574275
1240.648503,306.438199,-0.000000,9474.636058
1240.648822,76.609550,-0.000000,9400.615463
1240.649141,153.219100,296.082377,9326.594869
1240.649459,306.438199,222.061783,9400.615463
1240.649778,383.047749,-0.000000,9326.594869
1240.650097,383.047749,-0.000000,9104.533087
1240.650416,76.609550,-0.000000,9326.594869
1240.650735,383.047749,222.061783,9178.553681
1240.651054,229.828649,296.082377,9326.594869
1240.651373,536.266849,-0.000000,9326.594869
1240.651691,536.266849,222.061783,8882.471304
1240.652010,459.657299,518.144159,9030.512492
1240.652329,689.485948,370.102971,8882.471304
1240.652648,766.095498,296.082377,8808.450710
1240.652967,842.705048,592.164754,8882.471304
1240.653286,536.266849,222.061783,8956.491898
1240.653605,383.047749,296.082377,9104.533087
1240.653923,766.095498,592.164754,8956.491898
1240.654242,612.876398,444.123565,8808.450710
1240.654561,766.095498,296.082377,9252.574275
1240.654880,459.657299,296.082377,9030.512492
1240.655199,536.266849,222.061783,8956.491898
1240.655518,536.266849,296.082377,8956.491898
1240.655837,383.047749,-74.020594,9252.574275
1240.656155,536.266849,370.102971,9474.636058
1240.656474,612.876398,296.082377,9178.553681
1240.656793,536.266849,-0.000000,9104.533087
1240.657112,229.828649,296.082377,9326.594869
1240.657431,612.876398,444.123565,9178.553681
1240.657750,536.266849,-0.000000,9178.553681
1240.658069,306.438199,222.061783,9400.615463
1240.658387,153.219100,222.061783,9252.574275
1240.658706,153.219100,-0.000000,9400.615463
1240.659025,689.485948,-0.000000,9326.594869
1240.659344,76.609550,222.061783,9400.615463
1240.659663,153.219100,-0.000000,9400.615463
1240.659982,0.000000,370.102971,9400.615463
1240.660300,76.609550,222.061783,9400.615463
1240.660619,229.828649,444.123565,9400.615463
1240.660938,459.657299,592.164754,9474.636058
1240.661257,306.438199,592.164754,9474.636058
1240.661576,383.047749,666.185348,9474.636058
1240.661895,536.266849,518.144159,9104.533087
1240.662214,612.876398,666.185348,9252.574275
1240.662532,612.876398,592.164754,9326.594869
1240.662851,612.876398,814.226536,9400.615463
1240.663170,842.705048,740.205942,9326.594869
1240.663489,919.314598,814.226536,9326.594869
1240.663808,919.314598,666.185348,9326.594869
1240.664127,842.705048,518.144159,9326.594869
1240.664446,766.095498,444.123565,9104.533087
1240.664764,1149.143247,148.041188,9326.594869
1240.665083,689.485948,666.185348,9474.636058
1240.665402,383.047749,296.082377,9252.574275
1240.665721,536.266849,296.082377,9326.594869
1240.666040,689.485948,296.082377,9030.512492
1240.666359,306.438199,-0.000000,9326.594869
1240.666678,612.876398,518.144159,9474.636058
1240.666996,383.047749,-0.000000,9252.574275
1240.667315,459.657299,148.041188,9326.594869
1240.667634,306.438199,148.041188,9326.594869
1240.667953,229.828649,148.041188,9474.636058
1240.668272,153.219100,-0.000000,9252.574275
1240.668591,229.828649,370.102971,9326.594869
1240.668910,229.828649,148.041188,9400.615463
1240.669228,229.828649,-148.041188,9326.594869
1240.669547,76.609550,-0.000000,9104.533087
1240.669866,-153.219100,148.041188,9252.574275
1240.670185,0.000000,148.041188,9326.594869
1240.670504,76.609550,-0.000000,9326.594869
1240.670823,0.000000,296.082377,9400.615463
1240.671142,229.828649,370.102971,9030.512492
1240.671460,76.609550,370.102971,9178.553681
1240.671779,383.047749,296.082377,9030.512492
1240.672098,229.828649,444.123565,9178.553681
1240.672417,536.266849,444.123565,8956.491898
1240.672736,536.266849,518.144159,8808.450710
1240.673055,842.705048,592.164754,8586.388927
1240.673374,612.876398,370.102971,8808.450710
1240.673692,919.314598,592.164754,8956.491898
1240.674011,842.705048,296.082377,8734.430116
1240.674330,919.314598,444.123565,8882.471304
1240.674649,766.095498,444.123565,9030.512492
1240.674968,842.705048,296.082377,8956.491898
1240.675287,766.095498,370.102971,9104.533087
1240.675606,995.924147,370.102971,9326.594869
1240.675924,612.876398,444.123565,9400.615463
1240.676243,612.876398,296.082377,9178.553681
1240.676562,612.876398,148.041188,9030.512492
1240.676881,536.266849,222.061783,8956.491898
1240.677200,919.314598,666.185348,9178.553681
1240.677519,612.876398,370.102971,9178.553681
1240.677837,536.266849,222.061783,9252.574275
1240.678156,536.266849,-0.000000,9326.594869
1240.678475,612.876398,-296.082377,9178.553681
1240.678794,689.485948,444.123565,9474.636058
1240.679113,76.609550,74.020594,9474.636058
1240.679432,0.000000,370.102971,9326.594869
1240.679751,0.000000,444.123565,9400.615463
1240.680069,0.000000,-0.000000,9326.594869
1240.680388,153.219100,296.082377,9400.615463
1240.680707,153.219100,444.123565,9474.636058
1240.681026,76.609550,592.164754,9474.636058
1240.681345,0.000000,518.144159,9474.636058
1240.681664,383.047749,370.102971,9474.636058
1240.681983,689.485948,370.102971,9326.594869
1240.682301,76.609550,518.144159,9252.574275
1240.682620,689.485948,666.185348,9178.553681
1240.682939,536.266849,444.123565,9252.574275
1240.683258,459.657299,962.267725,9400.615463
1240.683577,689.485948,814.226536,9178.553681
1240.683896,766.095498,592.164754,9326.594869
1240.684214,536.266849,740.205942,9252.574275
1240.684533,766.095498,814.226536,9178.553681
1240.684852,536.266849,370.102971,9104.533087
1240.685171,383.047749,444.123565,9400.615463
1240.685490,612.876398,666.185348,9252.574275
1240.685809,306.438199,370.102971,9252.574275
1240.686127,383.047749,222.061783,9474.636058
1240.686446,459.657299,-0.000000,9326.594869
1240.686765,612.876398,222.061783,9474.636058
1240.687084,459.657299,296.082377,9474.636058
1240.687403,76.609550,370.102971,9474.636058
1240.687722,612.876398,-0.000000,9696.697840
1240.688041,612.876398,222.061783,9770.718434
1240.688359,612.876398,296.082377,9548.656652
1240.688678,229.828649,148.041188,9326.594869
1240.688997,306.438199,148.041188,9474.636058
1240.689316,229.828649,-0.000000,9326.594869
1240.689635,229.828649,-0.000000,9400.615463
1240.689954,536.266849,-0.000000,9474.636058
1240.690272,383.047749,148.041188,9400.615463
1240.690591,383.047749,148.041188,9326.594869
1240.690910,459.657299,-0.000000,9474.636058
1240.691229,459.657299,-0.000000,9252.574275
1240.691548,306.438199,148.041188,9400.615463
1240.691867,536.266849,222.061783,9104.533087
1240.692185,689.485948,518.144159,9178.553681
1240.692504,919.314598,222.061783,9030.512492
1240.692823,766.095498,370.102971,9030.512492
1240.693142,612.876398,444.123565,9030.512492
1240.693461,536.266849,444.123565,9030.512492
1240.693780,919.314598,296.082377,9178.553681
1240.694098,689.485948,296.082377,8956.491898
1240.694417,842.705048,814.226536,9030.512492
1240.694736,306.438199,222.061783,9104.533087
1240.695055,536.266849,518.144159,8956.491898
1240.695374,766.095498,222.061783,9030.512492
1240.695693,459.657299,444.123565,9030.512492
1240.696012,689.485948,296.082377,9030.512492
1240.696330,229.828649,518.144159,9030.512492
1240.696649,459.657299,518.144159,8956.491898
1240.696968,153.219100,296.082377,9104.533087
1240.697287,153.219100,370.102971,8956.491898
1240.697606,76.609550,296.082377,9400.615463
1240.697925,229.828649,222.061783,9400.615463
1240.698243,-229.828649,-0.000000,9252.574275
1240.698562,153.219100,296.082377,9252.574275
1240.698881,0.000000,222.061783,9252.574275
1240.699200,0.000000,370.102971,9104.533087
1240.699519,0.000000,370.102971,9326.594869
1240.699838,0.000000,296.082377,9178.553681
1240.700156,153.219100,518.144159,9326.594869
1240.700475,153.219100,518.144159,9326.594869
1240.700794,153.219100,592.164754,9474.636058
1240.701113,306.438199,592.164754,9474.636058
1240.701432,536.266849,222.061783,9326.594869
1240.701751,383.047749,666.185348,9474.636058
1240.702070,383.047749,444.123565,9326.594869
1240.702388,612.876398,666.185348,9252.574275
1240.702707,76.609550,444.123565,9474.636058
1240.703026,536.266849,518.144159,9104.533087
1240.703345,842.705048,592.164754,9400.615463
1240.703664,842.705048,592.164754,9178.553681
1240.703983,919.314598,592.164754,9474.636058
1240.704301,842.705048,740.205942,9474.636058
1240.704620,689.485948,592.164754,9178.553681
1240.704939,919.314598,666.185348,9326.594869
1240.705258,766.095498,592.164754,9400.615463
1240.705577,919.314598,518.144159,9326.594869
1240.705896,842.705048,444.123565,9326.594869
1240.706214,766.095498,370.102971,9474.636058
1240.706533,536.266849,-0.000000,9474.636058
1240.706852,536.266849,222.061783,9474.636058
1240.707171,919.314598,222.061783,9252.574275
1240.707490,0.000000,-148.041188,9696.697840
1240.707809,689.485948,370.102971,9548.656652
1240.708128,306.438199,-0.000000,9474.636058
1240.708446,229.828649,-0.000000,9326.594869
1240.708765,766.095498,-0.000000,9474.636058
1240.709084,153.219100,-0.000000,9548.656652
1240.709403,306.438199,-0.000000,9474.636058
1240.709722,229.828649,222.061783,9548.656652
1240.710041,229.828649,-0.000000,9400.615463
1240.710359,76.609550,222.061783,9474.636058
1240.710678,536.266849,-0.000000,9326.594869
1240.710997,0.000000,370.102971,9474.636058
1240.711316,153.219100,222.061783,9326.594869
1240.711635,229.828649,296.082377,9326.594869
1240.711954,459.657299,-0.000000,9400.615463
1240.712272,153.219100,296.082377,9178.553681
1240.712591,306.438199,444.123565,9178.553681
1240.712910,689.485948,370.102971,9030.512492
1240.713229,842.705048,370.102971,8956.491898
1240.713548,459.657299,296.082377,9030.512492
1240.713867,536.266849,296.082377,8660.409521
1240.714185,612.876398,592.164754,9030.512492
1240.714504,689.485948,370.102971,8956.491898
1240.714823,689.485948,370.102971,8882.471304
1240.715142,689.485948,370.102971,9104.533087
1240.715461,689.485948,370.102971,8956.491898
1240.715780,612.876398,296.082377,8882.471304
1240.716099,383.047749,518.144159,8956.491898
1240.716417,766.095498,296.082377,8882.471304
1240.716736,229.828649,222.061783,9104.533087
1240.717055,153.219100,74.020594,9104.533087
1240.717374,306.438199,518.144159,9178.553681
1240.717693,459.657299,518.144159,9178.553681
1240.718012,153.219100,-0.000000,9252.574275
1240.718330,383.047749,296.082377,9400.615463
1240.718649,459.657299,296.082377,9104.533087
1240.718968,76.609550,222.061783,9252.574275
1240.719287,76.609550,222.061783,9252.574275
1240.719606,612.876398,-0.000000,9474.636058
1240.719925,153.219100,444.123565,9326.594869
1240.720243,0.000000,222.061783,9252.574275
1240.720562,0.000000,592.164754,9326.594869
1240.720881,459.657299,444.123565,9326.594869
1240.721200,306.438199,370.102971,9400.615463
1240.721519,306.438199,592.164754,9326.594869
1240.721838,612.876398,518.144159,9252.574275
1240.722157,612.876398,518.144159,9326.594869
1240.722475,766.095498,444.123565,9252.574275
1240.722794,459.657299,444.123565,9474.636058
1240.723113,612.876398,814.226536,9474.636058
1240.723432,919.314598,666.185348,9326.594869
1240.723751,1072.533697,370.102971,9400.615463
1240.724070,766.095498,592.164754,9474.636058
1240.724388,919.314598,518.144159,9326.594869
1240.724707,1072.533697,888.247130,9474.636058
1240.725026,919.314598,518.144159,9474.636058
1240.725345,766.095498,740.205942,9474.636058
1240.725664,689.485948,370.102971,9548.656652
1240.725983,766.095498,222.061783,9474.636058
1240.726301,689.485948,-0.000000,9400.615463
1240.726620,842.705048,222.061783,9400.615463
1240.726939,919.314598,-0.000000,9474.636058
1240.727258,383.047749,296.082377,9474.636058
1240.727577,689.485948,518.144159,9844.739029
1240.727896,459.657299,-0.000000,9400.615463
1240.728215,689.485948,296.082377,9548.656652
1240.728533,229.828649,296.082377,9474.636058
1240.728852,383.047749,148.041188,9400.615463
1240.729171,383.047749,-0.000000,9400.615463
1240.729490,229.828649,222.061783,9474.636058
1240.729809,153.219100,148.041188,9400.615463
1240.730128,459.657299,-0.000000,9770.718434
1240.730446,536.266849,296.082377,9326.594869
1240.730765,229.828649,148.041188,9030.512492
1240.731084,383.047749,148.041188,9178.553681
1240.731403,229.828649,222.061783,8660.409521
1240.731722,459.657299,444.123565,9104.533087
1240.732041,459.657299,370.102971,9252.574275
1240.732359,306.438199,296.082377,9178.553681
1240.732678,612.876398,444.123565,9030.512492
1240.732997,689.485948,370.102971,8808.450710
1240.733316,536.266849,518.144159,8882.471304
1240.733635,689.485948,370.102971,8734.430116
1240.733954,536.266849,518.144159,8956.491898
1240.734272,536.266849,592.164754,8882.471304
1240.734591,536.266849,148.041188,9104.533087
1240.734910,536.266849,518.144159,8956.491898
1240.735229,536.266849,296.082377,9030.512492
1240.735548,306.438199,518.144159,8956.491898
1240.735867,383.047749,222.061783,8808.450710
1240.736186,1072.533697,148.041188,8808.450710
1240.736504,383.047749,370.102971,9104.533087
1240.736823,689.485948,370.102971,8956.491898
1240.737142,153.219100,74.020594,9030.512492
1240.737461,383.047749,370.102971,9030.512492
1240.737780,229.828649,370.102971,9178.553681
1240.738099,306.438199,222.061783,9326.594869
1240.738417,229.828649,222.061783,9252.574275
1240.738736,229.828649,296.082377,9178.553681
1240.739055,153.219100,222.061783,9252.574275
1240.739374,76.609550,-0.000000,9326.594869
1240.739693,536.266849,444.123565,9326.594869
1240.740012,0.000000,370.102971,9474.636058
1240.740330,0.000000,370.102971,9252.574275
1240.740649,459.657299,370.102971,9252.574275
1240.740968,153.219100,518.144159,9400.615463
1240.741287,0.000000,370.102971,9474.636058
1240.741606,383.047749,666.185348,9548.656652
1240.741925,229.828649,518.144159,9474.636058
1240.742244,459.657299,444.123565,9474.636058
1240.742562,383.047749,518.144159,9326.594869
1240.742881,689.485948,666.185348,9400.615463
1240.743200,459.657299,592.164754,9400.615463
1240.743519,766.095498,814.226536,9326.594869
1240.743838,995.924147,666.185348,9474.636058
1240.744157,919.314598,370.102971,9178.553681
1240.744475,842.705048,592.164754,9400.615463
1240.744794,919.314598,518.144159,9326.594869
1240.745113,689.485948,296.082377,9178.553681
1240.745432,1149.143247,518.144159,9400.615463
1240.745751,842.705048,666.185348,9326.594869
1240.746070,689.485948,148.041188,9400.615463
1240.746388,842.705048,296.082377,9326.594869
1240.746707,919.314598,-0.000000,9252.574275
1240.747026,612.876398,222.061783,9474.636058
1240.747345,689.485948,148.041188,9474.636058
1240.747664,612.876398,222.061783,9474.636058
1240.747983,229.828649,-74.020594,9474.636058
1240.748301,766.095498,222.061783,9474.636058
1240.748620,383.047749,148.041188,9400.615463
1240.748939,0.000000,222.061783,9178.553681
1240.749258,229.828649,296.082377,9252.574275
1240.749577,383.047749,-0.000000,9252.574275
1240.749896,383.047749,-0.000000,9178.553681
1240.750215,153.219100,-0.000000,9252.574275
1240.750533,0.000000,296.082377,9400.615463
1240.750852,383.047749,148.041188,9400.615463
1240.751171,0.000000,-74.020594,9178.553681
1240.751490,76.609550,444.123565,9400.615463
1240.751809,0.000000,370.102971,9252.574275
1240.752128,0.000000,370.102971,9252.574275
1240.752446,0.000000,444.123565,9252.574275
1240.752765,383.047749,296.082377,8956.491898
1240.753084,306.438199,444.123565,8882.471304
1240.753403,383.047749,444.123565,8956.491898
1240.753722,536.266849,518.144159,8956.491898
1240.754041,229.828649,222.061783,8808.450710
1240.754359,536.266849,518.144159,8956.491898
1240.754678,459.657299,592.164754,9030.512492
1240.754997,612.876398,444.123565,8882.471304
1240.755316,995.924147,370.102971,8808.450710
1240.755635,995.924147,-0.000000,8734.430116
1240.755954,842.705048,444.123565,8882.471304
1240.756273,536.266849,370.102971,9104.533087
1240.756591,612.876398,370.102971,9030.512492
1240.756910,612.876398,518.144159,9252.574275
1240.757229,383.047749,370.102971,9400.615463
1240.757548,689.485948,296.082377,9252.574275
1240.757867,306.438199,-0.000000,9326.594869
1240.758186,229.828649,148.041188,9326.594869
1240.758504,536.266849,-0.000000,9326.594869
1240.758823,459.657299,222.061783,9474.636058
1240.759142,536.266849,148.041188,9252.574275
1240.759461,229.828649,222.061783,9400.615463
1240.759780,306.438199,-0.000000,9400.615463
1240.760099,459.657299,74.020594,9326.594869
1240.760417,229.828649,370.102971,9474.636058
1240.760736,153.219100,370.102971,9326.594869
1240.761055,76.609550,370.102971,9400.615463
1240.761374,153.219100,444.123565,9400.615463
1240.761693,306.438199,444.123565,9474.636058
1240.762012,306.438199,444.123565,9474.636058
1240.762331,459.657299,666.185348,9178.553681
1240.762649,153.219100,518.144159,9400.615463
1240.762968,229.828649,666.185348,9400.615463
1240.763287,766.095498,592.164754,9326.594869
1240.763606,612.876398,740.205942,9178.553681
1240.763925,612.876398,518.144159,9474.636058
1240.764244,689.485948,740.205942,9326.594869
1240.764562,842.705048,666.185348,9104.533087
1240.764881,1225.752797,888.247130,9326.594869
1240.765200,1149.143247,518.144159,9030.512492
1240.765519,306.438199,296.082377,9400.615463
1240.765838,842.705048,666.185348,9252.574275
1240.766157,766.095498,518.144159,9252.574275
1240.766475,459.657299,296.082377,9326.594869
1240.766794,383.047749,370.102971,9474.636058
1240.767113,689.485948,296.082377,9400.615463
1240.767432,459.657299,296.082377,9400.615463
1240.767751,153.219100,-74.020594,9400.615463
1240.768070,1225.752797,74.020594,9400.615463
1240.768388,612.876398,-0.000000,9400.615463
1240.768707,229.828649,148.041188,9696.697840
1240.769026,306.438199,-0.000000,9400.615463
1240.769345,153.219100,148.041188,9326.594869
1240.769664,612.876398,148.041188,9474.636058
1240.769983,76.609550,222.061783,9252.574275
1240.770302,76.609550,222.061783,9326.594869
1240.770620,229.828649,370.102971,9326.594869
1240.770939,306.438199,296.082377,9474.636058
1240.771258,306.438199,296.082377,9400.615463
1240.771577,766.095498,296.082377,9326.594869
1240.771896,306.438199,148.041188,9252.574275
1240.772215,229.828649,518.144159,9326.594869
1240.772533,536.266849,370.102971,9474.636058
1240.772852,459.657299,370.102971,9104.533087
1240.773171,306.438199,444.123565,9178.553681
1240.773490,383.047749,444.123565,8956.491898
1240.773809,612.876398,296.082377,8956.491898
1240.774128,306.438199,148.041188,8882.471304
1240.774446,306.438199,296.082377,8956.491898
1240.774765,842.705048,370.102971,8882.471304
1240.775084,612.876398,148.041188,8734.430116
1240.775403,689.485948,296.082377,9178.553681
1240.775722,689.485948,518.144159,9178.553681
1240.776041,459.657299,370.102971,8956.491898
1240.776360,383.047749,-0.000000,8956.491898
1240.776678,536.266849,222.061783,8956.491898
1240.776997,306.438199,296.082377,8734.430116
1240.777316,306.438199,-0.000000,9252.574275
1240.777635,459.657299,296.082377,9326.594869
1240.777954,459.657299,296.082377,9104.533087
1240.778273,383.047749,370.102971,9252.574275
1240.778591,-153.219100,-74.020594,9104.533087
1240.778910,306.438199,222.061783,9326.594869
1240.779229,153.219100,222.061783,9326.594869
1240.779548,459.657299,222.061783,9178.553681
1240.779867,383.047749,370.102971,9178.553681
1240.780186,76.609550,148.041188,9104.533087
1240.780504,0.000000,296.082377,9400.615463
1240.780823,459.657299,518.144159,9252.574275
1240.781142,153.219100,370.102971,9474.636058
1240.781461,229.828649,370.102971,9400.615463
1240.781780,383.047749,592.164754,9696.697840
1240.782098,383.047749,666.185348,9326.594869
1240.782417,459.657299,814.226536,9400.615463
1240.782736,306.438199,888.247130,9474.636058
1240.783055,766.095498,370.102971,9326.594869
1240.783374,536.266849,518.144159,9400.615463
1240.783692,842.705048,814.226536,9474.636058
1240.784011,612.876398,592.164754,9400.615463
1240.784330,842.705048,740.205942,9400.615463
1240.784649,1378.971896,888.247130,9326.594869
1240.784968,995.924147,592.164754,9252.574275
1240.785286,995.924147,740.205942,9326.594869
1240.785605,842.705048,740.205942,9400.615463
1240.785924,842.705048,888.247130,9400.615463
1240.786243,919.314598,592.164754,9474.636058
1240.786562,766.095498,370.102971,9400.615463
1240.786881,612.876398,296.082377,9474.636058
1240.787199,536.266849,296.082377,9474.636058
1240.787518,919.314598,-0.000000,9770.718434
1240.787837,536.266849,296.082377,9474.636058
1240.788156,459.657299,148.041188,9474.636058
1240.788475,383.047749,-0.000000,9474.636058
1240.788793,536.266849,222.061783,9474.636058
1240.789112,383.047749,296.082377,9474.636058
1240.789431,76.609550,296.082377,9474.636058
1240.789750,76.609550,222.061783,9326.594869
1240.790069,306.438199,296.082377,9474.636058
1240.790387,229.828649,-0.000000,9326.594869
1240.790706,229.828649,222.061783,9548.656652
1240.791025,459.657299,370.102971,9178.553681
1240.791344,229.828649,370.102971,9474.636058
1240.791663,153.219100,296.082377,9326.594869
1240.791982,153.219100,-0.000000,9474.636058
1240.792300,383.047749,222.061783,9252.574275
1240.792619,306.438199,222.061783,9178.553681
1240.792938,383.047749,296.082377,9252.574275
1240.793257,459.657299,444.123565,9178.553681
1240.793576,612.876398,592.164754,9178.553681
1240.793894,766.095498,666.185348,8734.430116
1240.794213,689.485948,518.144159,9104.533087
1240.794532,536.266849,444.123565,8882.471304
1240.794851,689.485948,444.123565,8882.471304
1240.795170,919.314598,592.164754,8882.471304
1240.795488,842.705048,444.123565,9030.512492
1240.795807,612.876398,370.102971,9030.512492
1240.796126,766.095498,222.061783,8808.450710
1240.796445,383.047749,148.041188,8956.491898
1240.796764,76.609550,-74.020594,9326.594869
1240.797083,306.438199,148.041188,9326.594869
1240.797401,612.876398,-0.000000,9178.553681
1240.797720,459.657299,-0.000000,9104.533087
1240.798039,383.047749,-0.000000,9104.533087
1240.798358,766.095498,-0.000000,9178.553681
1240.798677,459.657299,-0.000000,9252.574275
1240.798995,306.438199,-0.000000,9400.615463
1240.799314,229.828649,222.061783,9252.574275
1240.799633,306.438199,-74.020594,9104.533087
1240.799952,842.705048,222.061783,9474.636058
1240.800271,0.000000,74.020594,9178.553681
1240.800589,383.047749,296.082377,9252.574275
1240.800908,383.047749,296.082377,9474.636058
1240.801227,0.000000,370.102971,9474.636058
1240.801546,153.219100,296.082377,9474.636058
1240.801865,76.609550,370.102971,9474.636058
1240.802183,76.609550,518.144159,9326.594869
1240.802502,0.000000,592.164754,9474.636058
1240.802821,229.828649,518.144159,9474.636058
1240.803140,383.047749,518.144159,9326.594869
1240.803459,536.266849,518.144159,9252.574275
1240.803778,459.657299,962.267725,9252.574275
1240.804096,689.485948,666.185348,9252.574275
1240.804415,536.266849,814.226536,9104.533087
1240.804734,766.095498,666.185348,9104.533087
1240.805053,689.485948,666.185348,9178.553681
1240.805372,612.876398,814.226536,9104.533087
1240.805690,612.876398,592.164754,9252.574275
1240.806009,1072.533697,592.164754,9326.594869
1240.806328,842.705048,592.164754,9326.594869
1240.806647,766.095498,740.205942,9178.553681
1240.806966,612.876398,814.226536,9474.636058
1240.807284,842.705048,518.144159,9474.636058
1240.807603,229.828649,592.164754,9474.636058
1240.807922,459.657299,296.082377,9474.636058
1240.808241,306.438199,444.123565,9474.636058
1240.808560,383.047749,444.123565,9400.615463
1240.808879,459.657299,148.041188,9474.636058
1240.809197,459.657299,370.102971,9474.636058
1240.809516,229.828649,148.041188,9622.677246
1240.809835,383.047749,296.082377,9474.636058
1240.810154,229.828649,222.061783,9326.594869
1240.810473,383.047749,222.061783,9326.594869
1240.810791,383.047749,444.123565,9474.636058
1240.811110,153.219100,370.102971,9400.615463
1240.811429,229.828649,370.102971,9400.615463
1240.811748,306.438199,-0.000000,9474.636058
1240.812067,229.828649,222.061783,9474.636058
1240.812385,306.438199,370.102971,9400.615463
1240.812704,536.266849,444.123565,9326.594869
1240.813023,383.047749,370.102971,9326.594869
1240.813342,919.314598,592.164754,9326.594869
1240.813661,459.657299,518.144159,9326.594869
1240.813980,612.876398,592.164754,9178.553681
1240.814298,689.485948,518.144159,9178.553681
1240.814617,766.095498,222.061783,8956.491898
1240.814936,766.095498,370.102971,9030.512492
1240.815255,766.095498,370.102971,8734.430116
1240.815574,842.705048,296.082377,8956.491898
1240.815892,689.485948,296.082377,8956.491898
1240.816211,919.314598,-0.000000,9104.533087
1240.816530,612.876398,222.061783,8956.491898
1240.816849,536.266849,222.061783,8956.491898
1240.817168,459.657299,-0.000000,8956.491898
1240.817486,459.657299,-0.000000,9104.533087
1240.817805,612.876398,-0.000000,9326.594869
1240.818124,383.047749,-0.000000,9178.553681
1240.818443,306.438199,222.061783,9178.553681
1240.818762,229.828649,-0.000000,9104.533087
1240.819081,229.828649,148.041188,9326.594869
1240.819399,153.219100,-148.041188,8882.471304
1240.819718,153.219100,-0.000000,9252.574275
1240.820037,306.438199,370.102971,9326.594869
1240.820356,76.609550,222.061783,9400.615463
1240.820675,-229.828649,148.041188,9548.656652
1240.820993,0.000000,148.041188,9326.594869
1240.821312,153.219100,296.082377,9030.512492
1240.821631,0.000000,370.102971,9104.533087
1240.821950,153.219100,518.144159,9178.553681
1240.822269,76.609550,370.102971,9326.594869
1240.822587,0.000000,444.123565,9400.615463
1240.822906,459.657299,666.185348,9326.594869
1240.823225,383.047749,518.144159,9178.553681
1240.823544,459.657299,740.205942,9178.553681
1240.823863,689.485948,518.144159,9104.533087
1240.824181,689.485948,666.185348,9030.512492
1240.824500,919.314598,888.247130,9252.574275
1240.824819,766.095498,666.185348,9252.574275
1240.825138,995.924147,740.205942,9178.553681
1240.825457,766.095498,370.102971,9178.553681
1240.825776,689.485948,518.144159,9030.512492
1240.826094,689.485948,592.164754,9400.615463
1240.826413,919.314598,592.164754,9252.574275
1240.826732,919.314598,296.082377,9326.594869
1240.827051,536.266849,-0.000000,9326.594869
1240.827370,689.485948,518.144159,9474.636058
1240.827688,842.705048,296.082377,9548.656652
1240.828007,536.266849,296.082377,9548.656652
1240.828326,383.047749,148.041188,9622.677246
1240.828645,612.876398,370.102971,9844.739029
1240.828964,536.266849,222.061783,9400.615463
1240.829282,229.828649,148.041188,9474.636058
1240.829601,306.438199,-0.000000,9474.636058
1240.829920,689.485948,-0.000000,9548.656652
1240.830239,76.609550,-0.000000,9474.636058
1240.830558,306.438199,-0.000000,9474.636058
1240.830877,153.219100,-0.000000,9474.636058
1240.831195,306.438199,74.020594,9548.656652
1240.831514,76.609550,148.041188,9474.636058
1240.831833,153.219100,148.041188,9178.553681
1240.832152,153.219100,296.082377,9474.636058
1240.832471,306.438199,296.082377,9252.574275
1240.832789,229.828649,370.102971,9178.553681
1240.833108,459.657299,148.041188,9474.636058
1240.833427,383.047749,370.102971,9104.533087
1240.833746,383.047749,444.123565,9178.553681
1240.834065,459.657299,666.185348,9104.533087
1240.834383,919.314598,444.123565,8956.491898
1240.834702,612.876398,592.164754,9030.512492
1240.835021,689.485948,740.205942,9030.512492
1240.835340,383.047749,296.082377,8956.491898
1240.835659,536.266849,592.164754,8882.471304
1240.835978,612.876398,296.082377,8808.450710
1240.836296,536.266849,444.123565,9030.512492
1240.836615,612.876398,370.102971,8882.471304
1240.836934,536.266849,518.144159,8956.491898
1240.837253,612.876398,296.082377,9030.512492
1240.837572,766.095498,296.082377,8660.409521
1240.837890,612.876398,444.123565,8956.491898
1240.838209,459.657299,74.020594,9030.512492
1240.838528,689.485948,444.123565,9030.512492
1240.838847,459.657299,444.123565,9104.533087
1240.839166,383.047749,222.061783,9474.636058
1240.839484,383.047749,222.061783,9104.533087
1240.839803,306.438199,296.082377,9104.533087
1240.840122,76.609550,148.041188,9104.533087
1240.840441,0.000000,222.061783,9252.574275
1240.840760,229.828649,296.082377,9326.594869
1240.841079,76.609550,370.102971,9178.553681
1240.841397,76.609550,296.082377,9474.636058
1240.841716,229.828649,222.061783,9400.615463
1240.842035,0.000000,-0.000000,9326.594869
1240.842354,153.219100,444.123565,9400.615463
1240.842673,229.828649,518.144159,9548.656652
1240.842991,306.438199,666.185348,9474.636058
1240.843310,306.438199,666.185348,9474.636058
1240.843629,459.657299,888.247130,9622.677246
1240.843948,689.485948,814.226536,9474.636058
1240.844267,612.876398,592.164754,9548.656652
1240.844585,919.314598,740.205942,9326.594869
1240.844904,919.314598,1036.288319,9474.636058
1240.845223,919.314598,666.185348,9400.615463
1240.845542,842.705048,740.205942,9326.594869
1240.845861,995.924147,592.164754,9326.594869
1240.846179,1149.143247,444.123565,9400.615463
1240.846498,842.705048,592.164754,9400.615463
1240.846817,919.314598,518.144159,9400.615463
1240.847136,766.095498,370.102971,9178.553681
1240.847455,842.705048,370.102971,9474.636058
1240.847774,689.485948,444.123565,9696.697840
1240.848092,459.657299,296.082377,9548.656652
1240.848411,306.438199,-0.000000,9474.636058
1240.848730,842.705048,222.061783,9400.615463
1240.849049,459.657299,296.082377,9400.615463
1240.849368,689.485948,148.041188,9474.636058
1240.849686,536.266849,-0.000000,9326.594869
1240.850005,612.876398,148.041188,9326.594869
1240.850324,383.047749,-0.000000,9474.636058
1240.850643,229.828649,-0.000000,9474.636058
1240.850962,0.000000,-74.020594,9474.636058
1240.851280,0.000000,148.041188,9474.636058
1240.851599,0.000000,222.061783,9104.533087
1240.851918,383.047749,296.082377,9400.615463
1240.852237,306.438199,148.041188,9326.594869
1240.852556,0.000000,370.102971,9474.636058
1240.852875,76.609550,222.061783,9178.553681
1240.853193,153.219100,296.082377,9178.553681
1240.853512,229.828649,148.041188,9030.512492
1240.853831,229.828649,518.144159,9178.553681
1240.854150,229.828649,444.123565,8734.430116
1240.854469,153.219100,518.144159,9030.512492
1240.854787,612.876398,592.164754,8586.388927
1240.855106,842.705048,518.144159,8882.471304
1240.855425,536.266849,370.102971,8734.430116
1240.855744,1072.533697,444.123565,8808.450710
1240.856063,766.095498,370.102971,8882.471304
1240.856381,766.095498,444.123565,8882.471304
1240.856700,306.438199,518.144159,8882.471304
1240.857019,689.485948,296.082377,8882.471304
1240.857338,766.095498,666.185348,9104.533087
1240.857657,689.485948,518.144159,8808.450710
1240.857976,383.047749,296.082377,9104.533087
1240.858294,536.266849,148.041188,9104.533087
1240.858613,383.047749,370.102971,8956.491898
1240.858932,383.047749,296.082377,9104.533087
1240.859251,153.219100,296.082377,9252.574275
1240.859570,306.438199,-0.000000,9326.594869
1240.859888,306.438199,222.061783,9400.615463
1240.860207,383.047749,-0.000000,9178.553681
1240.860526,229.828649,296.082377,9252.574275
1240.860845,153.219100,222.061783,9252.574275
1240.861164,383.047749,222.061783,9178.553681
1240.861482,153.219100,296.082377,9400.615463
1240.861801,306.438199,148.041188,9326.594869
1240.862120,76.609550,370.102971,9474.636058
1240.862439,153.219100,518.144159,9474.636058
1240.862758,306.438199,444.123565,9400.615463
1240.863077,383.047749,370.102971,9474.636058
1240.863395,153.219100,222.061783,9474.636058
1240.863714,459.657299,444.123565,9474.636058
1240.864033,689.485948,888.247130,9474.636058
1240.864352,766.095498,444.123565,9474.636058
1240.864671,612.876398,518.144159,9400.615463
1240.864989,842.705048,370.102971,9400.615463
1240.865308,689.485948,666.185348,9178.553681
1240.865627,919.314598,592.164754,9400.615463
1240.865946,995.924147,740.205942,9400.615463
1240.866265,995.924147,518.144159,9474.636058
1240.866583,1225.752797,370.102971,9400.615463
1240.866902,1149.143247,592.164754,9104.533087
1240.867221,842.705048,148.041188,9178.553681
1240.867540,842.705048,592.164754,9474.636058
1240.867859,612.876398,444.123565,9400.615463
1240.868177,612.876398,444.123565,9400.615463
1240.868496,612.876398,148.041188,9326.594869
1240.868815,536.266849,222.061783,9326.594869
1240.869134,459.657299,222.061783,9252.574275
1240.869453,383.047749,148.041188,9178.553681
1240.869772,536.266849,222.061783,9622.677246
1240.870090,153.219100,-0.000000,9474.636058
1240.870409,383.047749,-0.000000,9474.636058
1240.870728,76.609550,-0.000000,9474.636058
1240.871047,76.609550,148.041188,9474.636058
1240.871366,76.609550,370.102971,9400.615463
1240.871684,76.609550,-0.000000,9400.615463
1240.872003,0.000000,370.102971,9178.553681
1240.872322,383.047749,370.102971,9474.636058
1240.872641,76.609550,-0.000000,9178.553681
1240.872960,0.000000,148.041188,9104.533087
1240.873278,306.438199,296.082377,8956.491898
1240.873597,306.438199,444.123565,9104.533087
1240.873916,536.266849,296.082377,9326.594869
1240.874235,306.438199,518.144159,9030.512492
1240.874554,459.657299,444.123565,8882.471304
1240.874873,459.657299,518.144159,8882.471304
1240.875191,383.047749,518.144159,9104.533087
1240.875510,153.219100,444.123565,9030.512492
1240.875829,229.828649,518.144159,9252.574275
1240.876148,536.266849,592.164754,9030.512492
1240.876467,383.047749,296.082377,9178.553681
1240.876785,1149.143247,666.185348,8734.430116
1240.877104,383.047749,518.144159,9104.533087
1240.877423,459.657299,222.061783,9030.512492
1240.877742,842.705048,518.144159,8956.491898
1240.878061,612.876398,370.102971,9030.512492
1240.878379,459.657299,-0.000000,9104.533087
1240.878698,383.047749,296.082377,8882.471304
1240.879017,612.876398,296.082377,9252.574275
1240.879336,383.047749,296.082377,9178.553681
1240.879655,919.314598,370.102971,9326.594869
1240.879974,153.219100,444.123565,9548.656652
1240.880292,229.828649,-0.000000,9474.636058
1240.880611,306.438199,296.082377,9400.615463
1240.880930,383.047749,296.082377,9400.615463
1240.881249,612.876398,296.082377,9474.636058
1240.881567,383.047749,296.082377,9474.636058
1240.881886,229.828649,296.082377,9474.636058
1240.882205,229.828649,296.082377,9400.615463
1240.882524,0.000000,444.123565,9474.636058
1240.882843,459.657299,518.144159,9474.636058
1240.883161,76.609550,592.164754,9622.677246
1240.883480,306.438199,444.123565,9252.574275
1240.883799,842.705048,592.164754,9178.553681
1240.884118,383.047749,666.185348,9474.636058
1240.884436,1072.533697,592.164754,9474.636058
1240.884755,612.876398,666.185348,9474.636058
1240.885074,766.095498,740.205942,9326.594869
1240.885393,842.705048,888.247130,9400.615463
1240.885712,919.314598,518.144159,9252.574275
1240.886030,1378.971896,666.185348,9178.553681
1240.886349,1149.143247,592.164754,9104.533087
1240.886668,612.876398,444.123565,9252.574275
1240.886987,689.485948,518.144159,9178.553681
1240.887305,842.705048,592.164754,9252.574275
1240.887624,766.095498,444.123565,9104.533087
1240.887943,306.438199,370.102971,9326.594869
1240.888262,689.485948,148.041188,9104.533087
1240.888580,612.876398,444.123565,9252.574275
1240.888899,536.266849,222.061783,9252.574275
1240.889218,459.657299,222.061783,9326.594869
1240.889537,459.657299,222.061783,9474.636058
1240.889856,536.266849,-0.000000,9400.615463
1240.890174,383.047749,-0.000000,9326.594869
1240.890493,459.657299,-74.020594,9622.677246
1240.890812,153.219100,-0.000000,9474.636058
1240.891131,0.000000,222.061783,9474.636058
1240.891449,0.000000,222.061783,9474.636058
1240.891768,612.876398,148.041188,9252.574275
1240.892087,0.000000,-0.000000,9474.636058
1240.892406,0.000000,148.041188,9178.553681
1240.892724,76.609550,-0.000000,9400.615463
1240.893043,76.609550,74.020594,9326.594869
1240.893362,229.828649,-0.000000,9252.574275
1240.893681,383.047749,-0.000000,9252.574275
1240.894000,459.657299,296.082377,9252.574275
1240.894318,229.828649,222.061783,9252.574275
1240.894637,612.876398,592.164754,9030.512492
1240.894956,689.485948,296.082377,8734.430116
1240.895275,612.876398,666.185348,9104.533087
1240.895593,842.705048,666.185348,9178.553681
1240.895912,306.438199,296.082377,9252.574275
1240.896231,612.876398,518.144159,9104.533087
1240.896550,842.705048,296.082377,9326.594869
1240.896868,612.876398,592.164754,9326.594869
1240.897187,612.876398,148.041188,9178.553681
1240.897506,383.047749,296.082377,8956.491898
1240.897825,612.876398,370.102971,9104.533087
1240.898144,536.266849,370.102971,9104.533087
1240.898462,306.438199,370.102971,9104.533087
1240.898781,612.876398,-0.000000,8586.388927
1240.899100,383.047749,370.102971,9178.553681
1240.899419,383.047749,370.102971,9178.553681
1240.899737,459.657299,296.082377,9104.533087
1240.900056,153.219100,222.061783,9252.574275
1240.900375,229.828649,296.082377,9326.594869
1240.900694,76.609550,518.144159,9474.636058
1240.901012,76.609550,370.102971,9474.636058
1240.901331,306.438199,518.144159,9178.553681
1240.901650,229.828649,444.123565,9474.636058
1240.901969,459.657299,518.144159,9326.594869
1240.902288,306.438199,518.144159,9326.594869
1240.902606,229.828649,666.185348,9252.574275
1240.902925,383.047749,444.123565,9400.615463
1240.903244,383.047749,444.123565,9326.594869
1240.903563,459.657299,518.144159,9474.636058
1240.903881,306.438199,814.226536,9696.697840
1240.904200,306.438199,592.164754,9252.574275
1240.904519,842.705048,592.164754,9326.594869
1240.904838,995.924147,592.164754,9400.615463
1240.905156,1378.971896,592.164754,9252.574275
1240.905475,689.485948,888.247130,9474.636058
1240.905794,995.924147,592.164754,9400.615463
1240.906113,995.924147,518.144159,9104.533087
1240.906432,995.924147,666.185348,9326.594869
1240.906750,689.485948,518.144159,9326.594869
1240.907069,766.095498,148.041188,9400.615463
1240.907388,919.314598,444.123565,9326.594869
1240.907707,766.095498,592.164754,9252.574275
1240.908025,689.485948,592.164754,9400.615463
1240.908344,536.266849,148.041188,9326.594869
1240.908663,306.438199,-0.000000,9696.697840
1240.908982,229.828649,222.061783,9400.615463
1240.909301,612.876398,518.144159,9252.574275
1240.909619,383.047749,444.123565,9474.636058
1240.909938,383.047749,-0.000000,9326.594869
1240.910257,229.828649,222.061783,9400.615463
1240.910576,229.828649,222.061783,9326.594869
1240.910894,459.657299,-0.000000,9326.594869
1240.911213,0.000000,-0.000000,9252.574275
1240.911532,0.000000,-0.000000,9252.574275
1240.911851,0.000000,370.102971,9548.656652
1240.912169,0.000000,148.041188,9400.615463
1240.912488,383.047749,296.082377,9474.636058
1240.912807,153.219100,296.082377,9252.574275
1240.913126,76.609550,-0.000000,9178.553681
1240.913445,153.219100,370.102971,9030.512492
1240.913763,76.609550,518.144159,9178.553681
1240.914082,153.219100,518.144159,9252.574275
1240.914401,306.438199,370.102971,9030.512492
1240.914720,612.876398,148.041188,9178.553681
1240.915038,919.314598,740.205942,9178.553681
1240.915357,612.876398,370.102971,9104.533087
1240.915676,689.485948,592.164754,9178.553681
1240.915995,766.095498,370.102971,9030.512492
1240.916313,919.314598,296.082377,9178.553681
1240.916632,689.485948,370.102971,9104.533087
1240.916951,919.314598,296.082377,9104.533087
1240.917270,1072.533697,518.144159,8956.491898
1240.917589,689.485948,222.061783,8956.491898
1240.917907,306.438199,-0.000000,8734.430116
1240.918226,536.266849,370.102971,9252.574275
1240.918545,612.876398,296.082377,9104.533087
1240.918864,459.657299,222.061783,9104.533087
1240.919182,612.876398,-0.000000,9400.615463
1240.919501,612.876398,-296.082377,9326.594869
1240.919820,689.485948,-0.000000,9474.636058
1240.920139,153.219100,-0.000000,9400.615463
1240.920457,306.438199,-0.000000,9326.594869
1240.920776,383.047749,-0.000000,8882.471304
1240.921095,842.705048,-0.000000,9400.615463
1240.921414,76.609550,222.061783,9326.594869
1240.921733,229.828649,296.082377,9326.594869
1240.922051,153.219100,-0.000000,9400.615463
1240.922370,0.000000,148.041188,9400.615463
1240.922689,229.828649,370.102971,9400.615463
1240.923008,306.438199,222.061783,9178.553681
1240.923326,306.438199,518.144159,9400.615463
1240.923645,306.438199,518.144159,9326.594869
1240.923964,689.485948,444.123565,9178.553681
1240.924283,536.266849,740.205942,9030.512492
1240.924601,229.828649,444.123565,9474.636058
1240.924920,536.266849,814.226536,9326.594869
1240.925239,612.876398,592.164754,9104.533087
1240.925558,919.314598,444.123565,9548.656652
1240.925877,689.485948,666.185348,9252.574275
1240.926195,995.924147,740.205942,9252.574275
1240.926514,842.705048,592.164754,8956.491898
1240.926833,1302.362347,518.144159,9252.574275
1240.927152,1072.533697,666.185348,9326.594869
1240.927470,995.924147,592.164754,9104.533087
1240.927789,459.657299,444.123565,9252.574275
1240.928108,842.705048,592.164754,9252.574275
1240.928427,383.047749,370.102971,9474.636058
1240.928745,536.266849,518.144159,9252.574275
1240.929064,459.657299,148.041188,9474.636058
1240.929383,459.657299,222.061783,9474.636058
1240.929702,536.266849,222.061783,9474.636058
1240.930021,153.219100,222.061783,9326.594869
1240.930339,229.828649,222.061783,9400.615463
1240.930658,459.657299,444.123565,9326.594869
1240.930977,153.219100,222.061783,9400.615463
1240.931296,229.828649,370.102971,9474.636058
1240.931614,229.828649,74.020594,9400.615463
1240.931933,153.219100,148.041188,9400.615463
1240.932252,306.438199,-0.000000,9326.594869
1240.932571,0.000000,370.102971,9474.636058
1240.932889,0.000000,-0.000000,9252.574275
1240.933208,306.438199,222.061783,9326.594869
1240.933527,0.000000,370.102971,9400.615463
1240.933846,0.000000,370.102971,9252.574275
1240.934165,383.047749,518.144159,9178.553681
1240.934483,229.828649,444.123565,9326.594869
1240.934802,383.047749,518.144159,9252.574275
1240.935121,153.219100,518.144159,9252.574275
1240.935440,612.876398,518.144159,9252.574275
1240.935758,459.657299,444.123565,9104.533087
1240.936077,842.705048,518.144159,9030.512492
1240.936396,689.485948,444.123565,9178.553681
1240.936715,842.705048,592.164754,8956.491898
1240.937034,842.705048,444.123565,9178.553681
1240.937352,536.266849,592.164754,9252.574275
1240.937671,689.485948,444.123565,9178.553681
1240.937990,919.314598,296.082377,8956.491898
1240.938309,612.876398,370.102971,9178.553681
1240.938627,459.657299,444.123565,9178.553681
1240.938946,536.266849,-0.000000,8956.491898
1240.939265,459.657299,222.061783,9178.553681
1240.939584,459.657299,-0.000000,9104.533087
1240.939902,306.438199,222.061783,8882.471304
1240.940221,229.828649,296.082377,9252.574275
1240.940540,153.219100,148.041188,9400.615463
1240.940859,612.876398,444.123565,9326.594869
1240.941178,306.438199,-0.000000,9326.594869
1240.941496,306.438199,-0.000000,9178.553681
1240.941815,153.219100,-0.000000,9252.574275
1240.942134,153.219100,370.102971,9400.615463
1240.942453,0.000000,518.144159,9474.636058
1240.942771,76.609550,592.164754,9252.574275
1240.943090,76.609550,444.123565,9400.615463
1240.943409,153.219100,518.144159,9474.636058
1240.943728,383.047749,666.185348,9474.636058
1240.944046,0.000000,370.102971,9400.615463
1240.944365,76.609550,444.123565,9252.574275
1240.944684,383.047749,666.185348,9474.636058
1240.945003,612.876398,666.185348,9326.594869
1240.945322,536.266849,666.185348,9326.594869
1240.945640,536.266849,666.185348,9326.594869
1240.945959,842.705048,740.205942,9178.553681
1240.946278,919.314598,740.205942,9326.594869
1240.946597,612.876398,444.123565,9030.512492
1240.946915,536.266849,444.123565,9326.594869
1240.947234,919.314598,592.164754,9178.553681
1240.947553,766.095498,444.123565,9326.594869
1240.947872,842.705048,444.123565,9400.615463
1240.948190,459.657299,666.185348,9696.697840
1240.948509,842.705048,222.061783,9474.636058
1240.948828,536.266849,296.082377,9400.615463
1240.949147,612.876398,-0.000000,9400.615463
1240.949466,766.095498,-0.000000,9474.636058
1240.949784,536.266849,-0.000000,9400.615463
1240.950103,612.876398,444.123565,9474.636058
1240.950422,306.438199,-0.000000,9252.574275
1240.950741,536.266849,148.041188,9548.656652
1240.951059,536.266849,-0.000000,9400.615463
1240.951378,612.876398,296.082377,9400.615463
1240.951697,383.047749,-0.000000,9400.615463
1240.952016,306.438199,222.061783,9252.574275
1240.952334,306.438199,296.082377,9326.594869
1240.952653,842.705048,-0.000000,9400.615463
1240.952972,229.828649,-0.000000,9326.594869
1240.953291,306.438199,370.102971,9104.533087
1240.953610,536.266849,296.082377,9252.574275
1240.953928,153.219100,148.041188,9178.553681
1240.954247,612.876398,444.123565,9252.574275
1240.954566,383.047749,296.082377,9030.512492
1240.954885,229.828649,296.082377,9030.512492
1240.955203,612.876398,370.102971,8882.471304
1240.955522,536.266849,592.164754,8956.491898
1240.955841,612.876398,-0.000000,8882.471304
1240.956160,612.876398,296.082377,8882.471304
1240.956478,919.314598,592.164754,9030.512492
1240.956797,536.266849,296.082377,8882.471304
1240.957116,383.047749,222.061783,9030.512492
1240.957435,306.438199,222.061783,9474.636058
1240.957754,459.657299,222.061783,8882.471304
1240.958072,383.047749,148.041188,8808.450710
1240.958391,536.266849,222.061783,8956.491898
1240.958710,842.705048,222.061783,9178.553681
1240.959029,459.657299,-296.082377,9030.512492
1240.959347,229.828649,-0.000000,9326.594869
1240.959666,383.047749,-0.000000,8956.491898
1240.959985,229.828649,-0.000000,9252.574275
1240.960304,459.657299,-74.020594,9252.574275
1240.960622,306.438199,370.102971,9400.615463
1240.960941,459.657299,148.041188,9104.533087
1240.961260,229.828649,296.082377,9326.594869
1240.961579,153.219100,370.102971,9474.636058
1240.961898,306.438199,370.102971,9400.615463
1240.962216,229.828649,296.082377,9326.594869
1240.962535,842.705048,518.144159,9104.533087
1240.962854,229.828649,518.144159,9400.615463
1240.963173,229.828649,666.185348,9474.636058
1240.963491,306.438199,592.164754,9474.636058
1240.963810,459.657299,592.164754,9252.574275
1240.964129,459.657299,666.185348,9474.636058
1240.964448,612.876398,518.144159,9400.615463
1240.964767,842.705048,740.205942,9474.636058
1240.965085,689.485948,592.164754,9104.533087
1240.965404,612.876398,666.185348,9474.636058
1240.965723,1072.533697,888.247130,9474.636058
1240.966042,766.095498,370.102971,9030.512492
1240.966360,1302.362347,518.144159,9474.636058
1240.966679,689.485948,740.205942,9474.636058
1240.966998,766.095498,592.164754,9400.615463
1240.967317,689.485948,518.144159,9548.656652
1240.967635,766.095498,444.123565,9474.636058
1240.967954,689.485948,296.082377,9770.718434
1240.968273,612.876398,518.144159,9474.636058
1240.968592,842.705048,296.082377,9178.553681
1240.968911,766.095498,148.041188,9474.636058
1240.969229,842.705048,296.082377,9622.677246
1240.969548,766.095498,148.041188,9474.636058
1240.969867,612.876398,-0.000000,9474.636058
1240.970186,536.266849,148.041188,9474.636058
1240.970504,459.657299,148.041188,9474.636058
1240.970823,459.657299,222.061783,9474.636058
1240.971142,229.828649,-0.000000,9400.615463
1240.971461,153.219100,-0.000000,9400.615463
1240.971779,229.828649,296.082377,9400.615463
1240.972098,0.000000,-0.000000,9474.636058
1240.972417,229.828649,-74.020594,9252.574275
1240.972736,383.047749,296.082377,9104.533087
1240.973055,76.609550,222.061783,9326.594869
1240.973373,76.609550,148.041188,9252.574275
1240.973692,-229.828649,-0.000000,9178.553681
1240.974011,306.438199,370.102971,9030.512492
1240.974330,306.438199,222.061783,8956.491898
1240.974648,306.438199,370.102971,9104.533087
1240.974967,383.047749,518.144159,9178.553681
1240.975286,306.438199,518.144159,8956.491898
1240.975605,306.438199,592.164754,9400.615463
1240.975923,383.047749,518.144159,8734.430116
1240.976242,383.047749,592.164754,8882.471304
1240.976561,536.266849,518.144159,8956.491898
1240.976880,689.485948,370.102971,9030.512492
1240.977199,689.485948,592.164754,8808.450710
1240.977517,689.485948,444.123565,8882.471304
1240.977836,459.657299,444.123565,8956.491898
1240.978155,995.924147,592.164754,9104.533087
1240.978474,459.657299,592.164754,9622.677246
1240.978792,459.657299,296.082377,9030.512492
1240.979111,536.266849,370.102971,8882.471304
1240.979430,459.657299,222.061783,8956.491898
1240.979749,459.657299,222.061783,9178.553681
1240.980068,459.657299,444.123565,9400.615463
1240.980386,383.047749,148.041188,9030.512492
1240.980705,229.828649,296.082377,9104.533087
1240.981024,229.828649,444.123565,9400.615463
1240.981343,459.657299,-0.000000,9400.615463
1240.981662,229.828649,370.102971,9696.697840
1240.981980,459.657299,592.164754,9178.553681
1240.982299,383.047749,518.144159,9326.594869
1240.982618,76.609550,518.144159,9474.636058
1240.982937,383.047749,666.185348,9770.718434
1240.983256,153.219100,518.144159,9474.636058
1240.983574,76.609550,518.144159,9474.636058
1240.983893,459.657299,666.185348,9474.636058
1240.984212,612.876398,370.102971,9400.615463
1240.984531,459.657299,740.205942,9548.656652
1240.984850,383.047749,814.226536,9474.636058
1240.985168,229.828649,370.102971,9326.594869
1240.985487,536.266849,666.185348,9400.615463
1240.985806,536.266849,740.205942,9326.594869
1240.986125,612.876398,740.205942,9400.615463
1240.986444,536.266849,592.164754,9474.636058
1240.986763,689.485948,592.164754,9474.636058
1240.987081,766.095498,592.164754,9400.615463
1240.987400,689.485948,370.102971,9104.533087
1240.987719,919.314598,592.164754,9104.533087
1240.988038,766.095498,444.123565,9178.553681
1240.988357,689.485948,592.164754,9178.553681
1240.988675,612.876398,296.082377,9326.594869
1240.988994,76.609550,-0.000000,9474.636058
1240.989313,689.485948,222.061783,9474.636058
1240.989632,306.438199,148.041188,9400.615463
1240.989951,383.047749,370.102971,9474.636058
1240.990269,459.657299,-0.000000,9474.636058
1240.990588,306.438199,-0.000000,9326.594869
1240.990907,229.828649,-0.000000,9474.636058
1240.991226,383.047749,222.061783,9474.636058
1240.991545,153.219100,-74.020594,9474.636058
1240.991864,459.657299,-0.000000,9474.636058
1240.992182,459.657299,-0.000000,9178.553681
1240.992501,153.219100,148.041188,9252.574275
1240.992820,306.438199,-0.000000,9400.615463
1240.993139,229.828649,148.041188,9400.615463
1240.993458,76.609550,444.123565,9178.553681
1240.993776,153.219100,370.102971,9474.636058
1240.994095,229.828649,222.061783,9104.533087
1240.994414,153.219100,296.082377,9178.553681
1240.994733,153.219100,518.144159,9178.553681
1240.995052,459.657299,592.164754,9030.512492
1240.995370,689.485948,444.123565,9030.512492
1240.995689,536.266849,592.164754,9030.512492
1240.996008,612.876398,370.102971,8808.450710
1240.996327,689.485948,444.123565,8882.471304
1240.996646,842.705048,592.164754,8882.471304
1240.996965,689.485948,444.123565,8808.450710
1240.997283,689.485948,370.102971,8808.450710
1240.997602,536.266849,666.185348,9178.553681
1240.997921,689.485948,148.041188,8956.491898
1240.998240,766.095498,444.123565,9030.512492
1240.998559,612.876398,296.082377,8808.450710
1240.998877,612.876398,296.082377,8956.491898
1240.999196,612.876398,-0.000000,9030.512492
1240.999515,459.657299,296.082377,9178.553681
1240.999834,229.828649,296.082377,9252.574275
1241.000153,229.828649,222.061783,9326.594869
1241.000471,229.828649,222.061783,9178.553681
1241.000790,612.876398,148.041188,9400.615463
1241.001109,459.657299,-148.041188,9252.574275
1241.001428,0.000000,296.082377,9400.615463
1241.001747,229.828649,222.061783,9178.553681
1241.002066,229.828649,-0.000000,9178.553681
1241.002384,383.047749,-0.000000,9474.636058
1241.002703,0.000000,296.082377,9400.615463
1241.003022,0.000000,296.082377,9326.594869
1241.003341,0.000000,592.164754,9400.615463
1241.003660,0.000000,444.123565,9474.636058
1241.003978,229.828649,370.102971,9474.636058
1241.004297,0.000000,296.082377,9326.594869
1241.004616,766.095498,740.205942,9400.615463
1241.004935,383.047749,592.164754,9548.656652
1241.005254,689.485948,444.123565,9326.594869
1241.005572,383.047749,444.123565,9622.677246
1241.005891,689.485948,592.164754,9326.594869
1241.006210,995.924147,666.185348,9400.615463
1241.006529,766.095498,740.205942,9400.615463
1241.006848,1302.362347,666.185348,9326.594869
1241.007167,612.876398,592.164754,9474.636058
1241.007485,1072.533697,740.205942,9178.553681
1241.007804,1149.143247,740.205942,9252.574275
1241.008123,919.314598,518.144159,9400.615463
1241.008442,842.705048,518.144159,9474.636058
1241.008761,689.485948,370.102971,9400.615463
1241.009079,689.485948,296.082377,9474.636058
1241.009398,536.266849,518.144159,9474.636058
1241.009717,536.266849,444.123565,9474.636058
1241.010036,383.047749,222.061783,9696.697840
1241.010355,536.266849,-0.000000,9474.636058
1241.010673,459.657299,296.082377,9474.636058
1241.010992,306.438199,148.041188,9326.594869
1241.011311,76.609550,222.061783,9326.594869
1241.011630,383.047749,-0.000000,9474.636058
1241.011949,306.438199,-0.000000,9326.594869
1241.012267,153.219100,-0.000000,9252.574275
1241.012586,153.219100,148.041188,9326.594869
1241.012905,0.000000,-0.000000,9178.553681
1241.013224,-153.219100,-0.000000,9400.615463
1241.013543,383.047749,222.061783,9178.553681
1241.013862,229.828649,222.061783,9252.574275
1241.014180,76.609550,296.082377,9252.574275
1241.014499,153.219100,296.082377,9178.553681
1241.014818,0.000000,-0.000000,9178.553681
1241.015137,229.828649,518.144159,9326.594869
1241.015456,383.047749,370.102971,9030.512492
1241.015774,383.047749,666.185348,9030.512492
1241.016093,383.047749,370.102971,8882.471304
1241.016412,306.438199,592.164754,9252.574275
1241.016731,995.924147,888.247130,8586.388927
1241.017050,612.876398,222.061783,8734.430116
1241.017368,689.485948,518.144159,8882.471304
1241.017687,842.705048,518.144159,9104.533087
1241.018006,919.314598,444.123565,8956.491898
1241.018325,459.657299,444.123565,9030.512492
1241.018644,766.095498,518.144159,9030.512492
1241.018963,536.266849,148.041188,8882.471304
1241.019281,612.876398,222.061783,9030.512492
1241.019600,689.485948,296.082377,9400.615463
1241.019919,229.828649,148.041188,8882.471304
1241.020238,612.876398,148.041188,9104.533087
1241.020557,459.657299,444.123565,9326.594869
1241.020875,689.485948,-0.000000,9252.574275
1241.021194,306.438199,-0.000000,9326.594869
1241.021513,536.266849,-0.000000,9252.574275
1241.021832,229.828649,222.061783,9326.594869
1241.022151,766.095498,-0.000000,9400.615463
1241.022469,536.266849,222.061783,9474.636058
1241.022788,229.828649,370.102971,9474.636058
1241.023107,0.000000,-0.000000,9474.636058
1241.023426,0.000000,296.082377,9474.636058
1241.023745,536.266849,666.185348,9474.636058
1241.024064,153.219100,444.123565,9474.636058
1241.024382,153.219100,296.082377,9474.636058
1241.024701,76.609550,444.123565,9400.615463
1241.025020,306.438199,518.144159,9400.615463
1241.025339,229.828649,296.082377,9326.594869
1241.025658,76.609550,666.185348,9400.615463
1241.025976,842.705048,814.226536,9474.636058
1241.026295,459.657299,518.144159,9326.594869
1241.026614,842.705048,222.061783,9252.574275
1241.026933,689.485948,518.144159,9178.553681
1241.027252,995.924147,740.205942,9178.553681
1241.027570,995.924147,666.185348,9252.574275
1241.027889,842.705048,518.144159,9178.553681
1241.028208,842.705048,592.164754,9178.553681
1241.028527,766.095498,592.164754,9104.533087
1241.028846,766.095498,518.144159,9326.594869
1241.029165,612.876398,370.102971,9400.615463
1241.029483,459.657299,222.061783,9252.574275
1241.029802,1072.533697,148.041188,9474.636058
1241.030121,459.657299,148.041188,9548.656652
1241.030440,689.485948,-0.000000,9400.615463
1241.030759,383.047749,148.041188,9252.574275
1241.031077,689.485948,-0.000000,9252.574275
1241.031396,306.438199,148.041188,9474.636058
1241.031715,306.438199,-0.000000,9474.636058
1241.032034,459.657299,-0.000000,9400.615463
1241.032353,229.828649,296.082377,9474.636058
1241.032671,306.438199,-0.000000,9474.636058
1241.032990,383.047749,296.082377,9622.677246
1241.033309,153.219100,74.020594,9474.636058
1241.033628,0.000000,222.061783,9474.636058
1241.033947,76.609550,-0.000000,9400.615463
1241.034266,229.828649,-0.000000,9326.594869
1241.034584,306.438199,222.061783,9178.553681
1241.034903,229.828649,444.123565,9178.553681
1241.035222,229.828649,444.123565,9104.533087
1241.035541,919.314598,592.164754,9104.533087
1241.035860,842.705048,370.102971,9178.553681
1241.036178,536.266849,148.041188,8660.409521
1241.036497,1072.533697,740.205942,8956.491898
1241.036816,919.314598,518.144159,8956.491898
1241.037135,766.095498,592.164754,9104.533087
1241.037454,689.485948,592.164754,9030.512492
1241.037772,536.266849,518.144159,8808.450710
1241.038091,766.095498,518.144159,9030.512492
1241.038410,689.485948,592.164754,9030.512492
1241.038729,536.266849,222.061783,8956.491898
1241.039048,689.485948,296.082377,9030.512492
1241.039366,536.266849,518.144159,9030.512492
1241.039685,612.876398,444.123565,8734.430116
1241.040004,536.266849,296.082377,9030.512492
1241.040323,536.266849,-0.000000,9326.594869
1241.040642,536.266849,222.061783,9178.553681
1241.040961,306.438199,222.061783,9178.553681
1241.041279,383.047749,148.041188,9104.533087
1241.041598,153.219100,296.082377,9178.553681
1241.041917,0.000000,370.102971,8956.491898
1241.042236,229.828649,444.123565,9474.636058
1241.042555,0.000000,-0.000000,9030.512492
1241.042873,229.828649,148.041188,9178.553681
1241.043192,0.000000,-0.000000,9400.615463
1241.043511,153.219100,-0.000000,9400.615463
1241.043830,0.000000,148.041188,9548.656652
1241.044149,0.000000,296.082377,9326.594869
1241.044467,153.219100,370.102971,9474.636058
1241.044786,153.219100,592.164754,9326.594869
1241.045105,306.438199,666.185348,9252.574275
1241.045424,612.876398,592.164754,9178.553681
1241.045743,689.485948,444.123565,9178.553681
1241.046062,689.485948,518.144159,9030.512492
1241.046380,612.876398,370.102971,9104.533087
1241.046699,919.314598,666.185348,9252.574275
1241.047018,919.314598,666.185348,9400.615463
1241.047337,919.314598,592.164754,9252.574275
1241.047656,1072.533697,444.123565,9252.574275
1241.047974,919.314598,740.205942,9400.615463
1241.048293,612.876398,444.123565,9326.594869
1241.048612,1225.752797,444.123565,9030.512492
1241.048931,689.485948,444.123565,9326.594869
1241.049250,766.095498,370.102971,9400.615463
1241.049568,689.485948,148.041188,9548.656652
1241.049887,689.485948,-0.000000,9326.594869
1241.050206,383.047749,222.061783,9474.636058
1241.050525,459.657299,222.061783,9400.615463
1241.050844,459.657299,-148.041188,9400.615463
1241.051163,612.876398,-0.000000,9400.615463
1241.051481,153.219100,222.061783,9622.677246
1241.051800,459.657299,-0.000000,9474.636058
1241.052119,306.438199,-0.000000,9474.636058
1241.052438,153.219100,-222.061783,9252.574275
1241.052757,0.000000,148.041188,9400.615463
1241.053075,0.000000,-0.000000,9474.636058
1241.053394,0.000000,148.041188,9400.615463
1241.053713,0.000000,222.061783,9178.553681
1241.054032,153.219100,-0.000000,9178.553681
1241.054351,0.000000,148.041188,9252.574275
1241.054669,0.000000,148.041188,9326.594869
1241.054988,153.219100,222.061783,9474.636058
1241.055307,229.828649,296.082377,9326.594869
1241.055626,229.828649,222.061783,9104.533087
1241.055945,383.047749,518.144159,8734.430116
1241.056264,383.047749,444.123565,8882.471304
1241.056582,229.828649,444.123565,9178.553681
1241.056901,459.657299,148.041188,8734.430116
1241.057220,229.828649,518.144159,9104.533087
1241.057539,459.657299,444.123565,9104.533087
1241.057858,459.657299,592.164754,9030.512492
1241.058176,689.485948,518.144159,8882.471304
1241.058495,459.657299,518.144159,8808.450710
1241.058814,383.047749,444.123565,9178.553681
1241.059133,689.485948,444.123565,8956.491898
1241.059452,459.657299,666.185348,8956.491898
1241.059770,842.705048,592.164754,8808.450710
1241.060089,689.485948,592.164754,8956.491898
1241.060408,536.266849,444.123565,9104.533087
1241.060727,459.657299,370.102971,8882.471304
1241.061046,306.438199,370.102971,9252.574275
1241.061364,459.657299,-0.000000,9030.512492
1241.061683,229.828649,-148.041188,9326.594869
1241.062002,229.828649,222.061783,9326.594869
1241.062321,383.047749,370.102971,9252.574275
1241.062640,0.000000,370.102971,9400.615463
1241.062959,153.219100,222.061783,9474.636058
1241.063277,76.609550,222.061783,9400.615463
1241.063596,229.828649,444.123565,9400.615463
1241.063915,76.609550,518.144159,9400.615463
1241.064234,306.438199,370.102971,9326.594869
1241.064553,459.657299,592.164754,9474.636058
1241.064871,306.438199,444.123565,9474.636058
1241.065190,383.047749,814.226536,9474.636058
1241.065509,536.266849,888.247130,9474.636058
1241.065828,766.095498,518.144159,9252.574275
1241.066147,689.485948,370.102971,9326.594869
1241.066465,689.485948,666.185348,9326.594869
1241.066784,919.314598,592.164754,9326.594869
1241.067103,919.314598,592.164754,9474.636058
1241.067422,1072.533697,666.185348,9326.594869
1241.067741,1378.971896,740.205942,9252.574275
1241.068060,1302.362347,740.205942,9178.553681
1241.068378,919.314598,370.102971,9400.615463
1241.068697,1072.533697,592.164754,9252.574275
1241.069016,1072.533697,370.102971,9252.574275
1241.069335,995.924147,-0.000000,9326.594869
1241.069654,842.705048,370.102971,9252.574275
1241.069972,766.095498,148.041188,9474.636058
1241.070291,689.485948,-0.000000,9474.636058
1241.070610,459.657299,148.041188,9400.615463
1241.070929,842.705048,-148.041188,9622.677246
1241.071248,459.657299,222.061783,9696.697840
1241.071566,153.219100,-0.000000,9474.636058
1241.071885,229.828649,-74.020594,9474.636058
1241.072204,306.438199,-296.082377,9474.636058
1241.072523,76.609550,-74.020594,9474.636058
1241.072842,306.438199,-0.000000,9400.615463
1241.073161,153.219100,-0.000000,9474.636058
1241.073479,0.000000,-0.000000,9400.615463
1241.073798,153.219100,-74.020594,9400.615463
1241.074117,229.828649,-0.000000,9474.636058
1241.074436,0.000000,-0.000000,9104.533087
1241.074755,0.000000,148.041188,9326.594869
1241.075073,0.000000,444.123565,9252.574275
1241.075392,0.000000,296.082377,9252.574275
1241.075711,0.000000,296.082377,9104.533087
1241.076030,0.000000,148.041188,9178.553681
1241.076349,76.609550,148.041188,8882.471304
1241.076667,766.095498,222.061783,9104.533087
1241.076986,612.876398,-0.000000,9030.512492
1241.077305,919.314598,518.144159,8882.471304
1241.077624,536.266849,296.082377,9104.533087
1241.077943,536.266849,666.185348,8882.471304
1241.078262,1072.533697,740.205942,8882.471304
1241.078580,1072.533697,666.185348,8808.450710
1241.078899,766.095498,740.205942,8808.450710
1241.079218,919.314598,444.123565,8808.450710
1241.079537,766.095498,296.082377,8808.450710
1241.079856,766.095498,222.061783,8956.491898
1241.080174,536.266849,222.061783,9104.533087
1241.080493,536.266849,666.185348,9030.512492
1241.080812,383.047749,370.102971,9178.553681
1241.081131,459.657299,444.123565,9178.553681
1241.081450,689.485948,296.082377,9326.594869
1241.081768,306.438199,518.144159,9252.574275
1241.082087,0.000000,296.082377,9252.574275
1241.082406,306.438199,370.102971,9178.553681
1241.082725,153.219100,592.164754,9474.636058
1241.083043,612.876398,148.041188,9252.574275
1241.083362,383.047749,518.144159,9474.636058
1241.083681,612.876398,518.144159,9326.594869
1241.084000,383.047749,592.164754,9400.615463
1241.084318,153.219100,370.102971,9474.636058
1241.084637,306.438199,592.164754,9252.574275
1241.084956,306.438199,518.144159,9252.574275
1241.085275,383.047749,592.164754,9474.636058
1241.085593,459.657299,518.144159,9400.615463
1241.085912,306.438199,444.123565,9474.636058
1241.086231,612.876398,740.205942,9474.636058
1241.086550,306.438199,666.185348,9400.615463
1241.086868,689.485948,444.123565,9400.615463
1241.087187,766.095498,666.185348,9474.636058
1241.087506,842.705048,666.185348,9474.636058
1241.087825,919.314598,518.144159,9326.594869
1241.088143,766.095498,592.164754,9326.594869
1241.088462,995.924147,518.144159,9400.615463
1241.088781,919.314598,666.185348,9474.636058
1241.089100,689.485948,444.123565,9400.615463
1241.089418,612.876398,296.082377,9400.615463
1241.089737,612.876398,296.082377,9400.615463
1241.090056,689.485948,-0.000000,9326.594869
1241.090375,842.705048,-0.000000,9474.636058
1241.090693,306.438199,-0.000000,9400.615463
1241.091012,536.266849,-0.000000,9326.594869
1241.091331,306.438199,148.041188,9474.636058
1241.091650,459.657299,-222.061783,9178.553681
1241.091968,229.828649,-0.000000,9400.615463
1241.092287,229.828649,-0.000000,9400.615463
1241.092606,229.828649,222.061783,9252.574275
1241.092925,229.828649,-0.000000,9252.574275
1241.093243,306.438199,-0.000000,9252.574275
1241.093562,-306.438199,74.020594,8882.471304
1241.093881,0.000000,-0.000000,9326.594869
1241.094200,0.000000,296.082377,9326.594869
1241.094518,0.000000,296.082377,9400.615463
1241.094837,0.000000,-148.041188,9400.615463
1241.095156,153.219100,222.061783,9178.553681
1241.095475,0.000000,370.102971,9252.574275
1241.095793,0.000000,296.082377,9104.533087
1241.096112,153.219100,444.123565,9030.512492
1241.096431,153.219100,148.041188,9104.533087
1241.096750,459.657299,444.123565,8882.471304
1241.097068,383.047749,592.164754,8956.491898
1241.097387,306.438199,296.082377,8882.471304
1241.097706,459.657299,592.164754,8734.430116
1241.098025,689.485948,370.102971,8956.491898
1241.098343,689.485948,592.164754,8956.491898
1241.098662,689.485948,370.102971,8882.471304
1241.098981,689.485948,296.082377,9030.512492
1241.099300,842.705048,-0.000000,9104.533087
1241.099618,383.047749,444.123565,9178.553681
1241.099937,842.705048,518.144159,9178.553681
1241.100256,612.876398,222.061783,9030.512492
1241.100575,612.876398,222.061783,9104.533087
1241.100893,689.485948,-0.000000,9104.533087
1241.101212,612.876398,296.082377,9326.594869
1241.101531,383.047749,370.102971,9178.553681
1241.101850,459.657299,296.082377,9252.574275
1241.102168,383.047749,222.061783,9474.636058
1241.102487,459.657299,-0.000000,9326.594869
1241.102806,306.438199,-0.000000,9178.553681
1241.103125,153.219100,370.102971,9326.594869
1241.103443,229.828649,148.041188,9474.636058
1241.103762,306.438199,222.061783,9622.677246
1241.104081,76.609550,148.041188,9548.656652
1241.104400,0.000000,296.082377,9474.636058
1241.104718,0.000000,444.123565,9622.677246
1241.105037,306.438199,370.102971,9474.636058
1241.105356,383.047749,296.082377,9548.656652
1241.105675,153.219100,592.164754,9474.636058
1241.105993,0.000000,592.164754,9548.656652
1241.106312,229.828649,814.226536,9474.636058
1241.106631,612.876398,666.185348,9474.636058
1241.106950,995.924147,740.205942,9326.594869
1241.107268,842.705048,814.226536,9252.574275
1241.107587,689.485948,888.247130,9326.594869
1241.107906,842.705048,666.185348,9104.533087
1241.108225,919.314598,666.185348,9178.553681
1241.108543,1149.143247,666.185348,9104.533087
1241.108862,1072.533697,518.144159,9474.636058
1241.109181,842.705048,592.164754,9326.594869
1241.109500,689.485948,444.123565,9474.636058
1241.109818,689.485948,444.123565,9326.594869
1241.110137,766.095498,370.102971,9474.636058
1241.110456,842.705048,222.061783,9326.594869
1241.110774,612.876398,296.082377,9400.615463
1241.111093,766.095498,296.082377,9178.553681
1241.111412,766.095498,148.041188,9400.615463
1241.111731,306.438199,148.041188,9474.636058
1241.112049,842.705048,222.061783,9104.533087
1241.112368,383.047749,74.020594,9326.594869
1241.112687,459.657299,-0.000000,9400.615463
1241.113006,536.266849,296.082377,9252.574275
1241.113324,459.657299,-0.000000,9252.574275
1241.113643,536.266849,148.041188,9252.574275
1241.113962,383.047749,-0.000000,9104.533087
1241.114281,153.219100,-74.020594,9104.533087
1241.114599,536.266849,-0.000000,9252.574275
1241.114918,306.438199,-0.000000,9104.533087
1241.115237,229.828649,296.082377,9326.594869
1241.115556,153.219100,148.041188,9178.553681
1241.115874,689.485948,-0.000000,9400.615463
1241.116193,383.047749,222.061783,9030.512492
1241.116512,459.657299,518.144159,9252.574275
1241.116831,383.047749,592.164754,9030.512492
1241.117149,306.438199,518.144159,9030.512492
1241.117468,612.876398,370.102971,8956.491898
1241.117787,383.047749,518.144159,9178.553681
1241.118106,689.485948,518.144159,8956.491898
1241.118424,459.657299,518.144159,8956.491898
1241.118743,459.657299,296.082377,8808.450710
1241.119062,766.095498,444.123565,9252.574275
1241.119381,229.828649,370.102971,9104.533087
1241.119699,459.657299,296.082377,9400.615463
1241.120018,536.266849,666.185348,9252.574275
1241.120337,919.314598,-0.000000,9400.615463
1241.120656,459.657299,-0.000000,9252.574275
1241.120974,459.657299,148.041188,9178.553681
1241.121293,383.047749,148.041188,9400.615463
1241.121612,383.047749,222.061783,9326.594869
1241.121931,383.047749,-0.000000,9474.636058
1241.122249,306.438199,296.082377,9400.615463
1241.122568,306.438199,296.082377,9474.636058
1241.122887,229.828649,-0.000000,9326.594869
1241.123206,229.828649,-0.000000,9474.636058
1241.123524,229.828649,-0.000000,9474.636058
1241.123843,536.266849,370.102971,9474.636058
1241.124162,383.047749,296.082377,9474.636058
1241.124481,153.219100,370.102971,9474.636058
1241.124799,383.047749,148.041188,9474.636058
1241.125118,153.219100,296.082377,9548.656652
1241.125437,536.266849,518.144159,9474.636058
1241.125756,459.657299,592.164754,9548.656652
1241.126074,459.657299,740.205942,9474.636058
1241.126393,536.266849,592.164754,9474.636058
1241.126712,536.266849,814.226536,9474.636058
1241.127031,689.485948,814.226536,9400.615463
1241.127349,842.705048,666.185348,9326.594869
1241.127668,612.876398,814.226536,9178.553681
1241.127987,766.095498,888.247130,9252.574275
1241.128306,1302.362347,814.226536,9030.512492
1241.128624,612.876398,444.123565,9326.594869
1241.128943,842.705048,592.164754,9252.574275
1241.129262,766.095498,740.205942,9178.553681
1241.129581,842.705048,518.144159,9252.574275
1241.129899,919.314598,518.144159,9474.636058
1241.130218,766.095498,444.123565,9400.615463
1241.130537,459.657299,444.123565,9400.615463
1241.130856,689.485948,222.061783,9474.636058
1241.131174,459.657299,370.102971,9474.636058
1241.131493,536.266849,296.082377,9252.574275
1241.131812,536.266849,222.061783,9474.636058
1241.132131,689.485948,-0.000000,9252.574275
1241.132449,383.047749,222.061783,9326.594869
1241.132768,536.266849,370.102971,9474.636058
1241.133087,229.828649,-0.000000,9400.615463
1241.133406,229.828649,148.041188,9326.594869
1241.133724,229.828649,148.041188,9252.574275
1241.134043,153.219100,296.082377,9400.615463
1241.134362,76.609550,-0.000000,9400.615463
1241.134681,76.609550,-0.000000,9474.636058
1241.134999,0.000000,296.082377,9326.594869
1241.135318,229.828649,370.102971,9326.594869
1241.135637,229.828649,222.061783,9178.553681
1241.135956,229.828649,148.041188,9030.512492
1241.136274,153.219100,518.144159,9178.553681
1241.136593,153.219100,370.102971,9030.512492
1241.136912,229.828649,666.185348,9030.512492
1241.137231,459.657299,370.102971,8956.491898
1241.137549,919.314598,296.082377,8882.471304
1241.137868,536.266849,444.123565,8956.491898
1241.138187,612.876398,222.061783,8660.409521
1241.138506,612.876398,518.144159,8734.430116
1241.138824,612.876398,222.061783,8956.491898
1241.139143,842.705048,370.102971,8956.491898
1241.139462,766.095498,518.144159,8956.491898
1241.139781,766.095498,444.123565,9030.512492
1241.140099,689.485948,222.061783,8956.491898
1241.140418,689.485948,444.123565,9104.533087
1241.140737,842.705048,370.102971,9030.512492
1241.141056,229.828649,222.061783,9104.533087
1241.141374,383.047749,296.082377,9030.512492
1241.141693,536.266849,444.123565,9326.594869
1241.142012,612.876398,-0.000000,8956.491898
1241.142331,229.828649,-0.000000,9104.533087
1241.142649,306.438199,74.020594,9178.553681
1241.142968,153.219100,-0.000000,9252.574275
1241.143287,0.000000,296.082377,9474.636058
1241.143606,0.000000,370.102971,9548.656652
1241.143924,0.000000,518.144159,9474.636058
1241.144243,229.828649,370.102971,9474.636058
1241.144562,76.609550,370.102971,9474.636058
1241.144881,383.047749,444.123565,9696.697840
1241.145199,0.000000,444.123565,9696.697840
1241.145518,0.000000,592.164754,9474.636058
1241.145837,0.000000,296.082377,9400.615463
1241.146156,229.828649,740.205942,9548.656652
1241.146474,153.219100,666.185348,9474.636058
1241.146793,383.047749,518.144159,9622.677246
1241.147112,383.047749,444.123565,9252.574275
1241.147431,689.485948,592.164754,9104.533087
1241.147749,459.657299,592.164754,9326.594869
1241.148068,766.095498,666.185348,9400.615463
1241.148387,766.095498,666.185348,9252.574275
1241.148706,766.095498,592.164754,9252.574275
1241.149024,995.924147,666.185348,9474.636058
1241.149343,1072.533697,666.185348,9326.594869
1241.149662,995.924147,444.123565,9252.574275
1241.149981,766.095498,296.082377,9400.615463
1241.150299,766.095498,518.144159,9326.594869
1241.150618,842.705048,222.061783,9474.636058
1241.150937,459.657299,222.061783,9770.718434
1241.151256,842.705048,444.123565,9474.636058
1241.151574,612.876398,-0.000000,9548.656652
1241.151893,689.485948,148.041188,9474.636058
1241.152212,229.828649,-0.000000,9474.636058
1241.152531,766.095498,-0.000000,9400.615463
1241.152849,536.266849,148.041188,9548.656652
1241.153168,229.828649,222.061783,9474.636058
1241.153487,306.438199,222.061783,9400.615463
1241.153806,306.438199,-0.000000,9400.615463
1241.154124,229.828649,148.041188,9474.636058
1241.154443,76.609550,148.041188,9400.615463
1241.154762,76.609550,222.061783,9178.553681
1241.155081,229.828649,148.041188,9400.615463
1241.155399,459.657299,-0.000000,9030.512492
1241.155718,229.828649,222.061783,9326.594869
1241.156037,153.219100,-0.000000,9178.553681
1241.156356,383.047749,296.082377,9178.553681
1241.156674,306.438199,444.123565,8882.471304
1241.156993,612.876398,888.247130,9474.636058
1241.157312,383.047749,370.102971,8956.491898
1241.157631,766.095498,444.123565,8734.430116
1241.157949,536.266849,370.102971,9030.512492
1241.158268,536.266849,444.123565,8808.450710
1241.158587,612.876398,222.061783,8882.471304
1241.158906,689.485948,592.164754,8956.491898
1241.159224,459.657299,518.144159,8956.491898
1241.159543,536.266849,518.144159,8808.450710
1241.159862,842.705048,518.144159,8956.491898
1241.160181,766.095498,222.061783,8660.409521
1241.160499,919.314598,592.164754,8956.491898
1241.160818,229.828649,296.082377,8882.471304
1241.161137,842.705048,518.144159,9104.533087
1241.161456,383.047749,222.061783,8956.491898
1241.161774,459.657299,296.082377,9030.512492
1241.162093,459.657299,296.082377,9104.533087
1241.162412,612.876398,370.102971,9326.594869
1241.162731,383.047749,222.061783,9326.594869
1241.163049,612.876398,148.041188,9548.656652
1241.163368,153.219100,-0.000000,9400.615463
1241.163687,306.438199,222.061783,9326.594869
1241.164006,0.000000,296.082377,9400.615463
1241.164324,153.219100,296.082377,9474.636058
1241.164643,153.219100,148.041188,9622.677246
1241.164962,0.000000,444.123565,9474.636058
1241.165281,153.219100,296.082377,9474.636058
1241.165599,0.000000,370.102971,9548.656652
1241.165918,919.314598,296.082377,9252.574275
1241.166237,306.438199,-0.000000,9326.594869
1241.166556,306.438199,666.185348,9474.636058
1241.166874,689.485948,814.226536,9474.636058
1241.167193,612.876398,666.185348,9474.636058
1241.167512,995.924147,296.082377,9696.697840
1241.167831,689.485948,592.164754,9474.636058
1241.168149,766.095498,814.226536,9548.656652
1241.168468,995.924147,592.164754,9400.615463
1241.168787,842.705048,444.123565,9400.615463
1241.169106,1072.533697,592.164754,9400.615463
1241.169424,919.314598,444.123565,9400.615463
1241.169743,919.314598,444.123565,9252.574275
1241.170062,766.095498,370.102971,9400.615463
1241.170381,612.876398,518.144159,9474.636058
1241.170699,919.314598,518.144159,9400.615463
1241.171018,766.095498,370.102971,9548.656652
1241.171337,536.266849,148.041188,9474.636058
1241.171656,766.095498,148.041188,9474.636058
1241.171974,995.924147,222.061783,9474.636058
1241.172293,383.047749,-0.000000,9400.615463
1241.172612,459.657299,222.061783,9326.594869
1241.172931,229.828649,148.041188,9252.574275
1241.173249,536.266849,222.061783,9326.594869
1241.173568,459.657299,-0.000000,9400.615463
1241.173887,229.828649,-0.000000,9178.553681
1241.174206,153.219100,148.041188,9326.594869
1241.174524,306.438199,370.102971,9326.594869
1241.174843,153.219100,222.061783,9252.574275
1241.175162,153.219100,148.041188,9178.553681
1241.175481,153.219100,370.102971,9030.512492
1241.175799,0.000000,518.144159,9178.553681
1241.176118,229.828649,370.102971,8956.491898
1241.176437,536.266849,444.123565,8956.491898
1241.176756,306.438199,444.123565,9104.533087
1241.177074,153.219100,518.144159,9030.512492
1241.177393,153.219100,444.123565,9030.512492
1241.177712,536.266849,370.102971,8882.471304
1241.178031,689.485948,370.102971,8734.430116
1241.178349,536.266849,444.123565,8956.491898
1241.178668,383.047749,444.123565,9030.512492
1241.178987,766.095498,666.185348,9030.512492
1241.179306,689.485948,444.123565,9030.512492
1241.179624,919.314598,518.144159,8956.491898
1241.179943,919.314598,518.144159,8734.430116
1241.180262,612.876398,444.123565,9030.512492
1241.180581,842.705048,296.082377,9030.512492
1241.180899,689.485948,222.061783,9104.533087
1241.181218,383.047749,370.102971,9326.594869
1241.181537,383.047749,148.041188,9252.574275
1241.181856,229.828649,222.061783,9252.574275
1241.182175,383.047749,296.082377,9474.636058
1241.182493,0.000000,370.102971,9474.636058
1241.182812,459.657299,148.041188,9400.615463
1241.183131,153.219100,-0.000000,9400.615463
1241.183450,383.047749,148.041188,9474.636058
1241.183769,383.047749,296.082377,9400.615463
1241.184087,383.047749,222.061783,9474.636058
1241.184406,383.047749,444.123565,9474.636058
1241.184725,0.000000,222.061783,9474.636058
1241.185044,0.000000,148.041188,9548.656652
1241.185362,0.000000,296.082377,9622.677246
1241.185681,383.047749,148.041188,9548.656652
1241.186000,153.219100,592.164754,9474.636058
1241.186319,0.000000,296.082377,9548.656652
1241.186638,229.828649,444.123565,9326.594869
1241.186956,306.438199,740.205942,9474.636058
1241.187275,383.047749,444.123565,9474.636058
1241.187594,306.438199,962.267725,9548.656652
1241.187913,536.266849,814.226536,9400.615463
1241.188232,612.876398,814.226536,9252.574275
1241.188550,459.657299,444.123565,9178.553681
1241.188869,612.876398,592.164754,9252.574275
1241.189188,1149.143247,888.247130,9326.594869
1241.189507,842.705048,444.123565,9326.594869
1241.189826,995.924147,518.144159,9326.594869
1241.190144,1302.362347,444.123565,9252.574275
1241.190463,995.924147,518.144159,9326.594869
1241.190782,919.314598,592.164754,9252.574275
1241.191101,689.485948,370.102971,9326.594869
1241.191419,689.485948,148.041188,9326.594869
1241.191738,153.219100,370.102971,9326.594869
1241.192057,612.876398,-0.000000,9104.533087
1241.192376,459.657299,-0.000000,9400.615463
1241.192695,229.828649,222.061783,9474.636058
1241.193013,229.828649,-74.020594,9326.594869
1241.193332,229.828649,222.061783,9252.574275
1241.193651,229.828649,-74.020594,9326.594869
1241.193970,0.000000,-0.000000,9474.636058
1241.194289,153.219100,-0.000000,9474.636058
1241.194607,306.438199,-222.061783,9400.615463
1241.194926,76.609550,-0.000000,9326.594869
1241.195245,0.000000,-0.000000,9400.615463
1241.195564,383.047749,370.102971,9104.533087
1241.195883,229.828649,222.061783,9178.553681
1241.196201,459.657299,444.123565,9104.533087
1241.196520,383.047749,222.061783,9104.533087
1241.196839,229.828649,444.123565,9030.512492
1241.197158,306.438199,370.102971,8956.491898
1241.197476,383.047749,370.102971,9178.553681
1241.197795,459.657299,148.041188,9030.512492
1241.198114,612.876398,444.123565,9104.533087
1241.198433,612.876398,518.144159,9178.553681
1241.198752,612.876398,296.082377,8956.491898
1241.199070,842.705048,222.061783,8882.471304
1241.199389,689.485948,148.041188,9030.512492
1241.199708,689.485948,444.123565,8882.471304
1241.200027,766.095498,518.144159,8956.491898
1241.200346,459.657299,222.061783,9178.553681
1241.200664,842.705048,-0.000000,9104.533087
1241.200983,612.876398,-0.000000,9252.574275
1241.201302,842.705048,370.102971,8882.471304
1241.201621,689.485948,74.020594,9104.533087
1241.201940,0.000000,-0.000000,9104.533087
1241.202258,306.438199,148.041188,9252.574275
1241.202577,459.657299,296.082377,9252.574275
1241.202896,459.657299,222.061783,9400.615463
1241.203215,383.047749,370.102971,9400.615463
1241.203533,153.219100,-0.000000,9474.636058
1241.203852,383.047749,-0.000000,9326.594869
1241.204171,383.047749,592.164754,9474.636058
1241.204490,229.828649,296.082377,9400.615463
1241.204809,383.047749,370.102971,9400.615463
1241.205127,459.657299,444.123565,9844.739029
1241.205446,229.828649,814.226536,9474.636058
1241.205765,459.657299,814.226536,9474.636058
1241.206084,612.876398,592.164754,9548.656652
1241.206403,383.047749,592.164754,9400.615463
1241.206721,536.266849,592.164754,9474.636058
1241.207040,689.485948,444.123565,9474.636058
1241.207359,612.876398,814.226536,9178.553681
1241.207678,612.876398,666.185348,9252.574275
1241.207997,842.705048,740.205942,9252.574275
1241.208315,536.266849,888.247130,9696.697840
1241.208634,995.924147,666.185348,9400.615463
1241.208953,995.924147,518.144159,9030.512492
1241.209272,689.485948,666.185348,9178.553681
1241.209590,766.095498,740.205942,9252.574275
1241.209909,766.095498,592.164754,9252.574275
1241.210228,689.485948,666.185348,9178.553681
1241.210547,536.266849,518.144159,9400.615463
1241.210866,689.485948,148.041188,9400.615463
1241.211184,383.047749,370.102971,9474.636058
1241.211503,0.000000,148.041188,9400.615463
1241.211822,612.876398,444.123565,9178.553681
1241.212141,229.828649,370.102971,9474.636058
1241.212460,229.828649,296.082377,9474.636058
1241.212778,229.828649,222.061783,9474.636058
1241.213097,0.000000,222.061783,9474.636058
1241.213416,0.000000,-0.000000,9178.553681
1241.213735,0.000000,-0.000000,9400.615463
1241.214054,76.609550,148.041188,9326.594869
1241.214372,459.657299,-0.000000,9400.615463
1241.214691,536.266849,296.082377,9252.574275
1241.215010,0.000000,148.041188,9400.615463
1241.215329,0.000000,222.061783,9252.574275
1241.215647,229.828649,444.123565,9326.594869
1241.215966,229.828649,-0.000000,9030.512492
1241.216285,306.438199,518.144159,9104.533087
1241.216604,383.047749,444.123565,9178.553681
1241.216923,536.266849,370.102971,9104.533087
1241.217241,306.438199,518.144159,9104.533087
1241.217560,689.485948,518.144159,9326.594869
1241.217879,689.485948,740.205942,8808.450710
1241.218198,689.485948,370.102971,8808.450710
1241.218517,766.095498,666.185348,8882.471304
1241.218835,842.705048,592.164754,8956.491898
1241.219154,536.266849,444.123565,8808.450710
1241.219473,689.485948,370.102971,8882.471304
1241.219792,919.314598,296.082377,8956.491898
1241.220111,842.705048,370.102971,9104.533087
1241.220429,995.924147,148.041188,9252.574275
1241.220748,995.924147,444.123565,9252.574275
1241.221067,536.266849,222.061783,9252.574275
1241.221386,689.485948,444.123565,9030.512492
1241.221704,536.266849,222.061783,9252.574275
1241.222023,689.485948,370.102971,9326.594869
1241.222342,383.047749,148.041188,9474.636058
1241.222661,383.047749,-0.000000,9252.574275
1241.222980,306.438199,-0.000000,9400.615463
1241.223298,76.609550,296.082377,9400.615463
1241.223617,459.657299,-0.000000,9474.636058
1241.223936,229.828649,74.020594,9326.594869
1241.224255,306.438199,444.123565,9474.636058
1241.224574,459.657299,296.082377,9326.594869
1241.224892,153.219100,296.082377,9474.636058
1241.225211,306.438199,518.144159,9918.759623
1241.225530,229.828649,296.082377,9400.615463
1241.225849,76.609550,518.144159,9326.594869
1241.226168,76.609550,444.123565,9400.615463
1241.226486,459.657299,444.123565,9104.533087
1241.226805,766.095498,592.164754,9326.594869
1241.227124,459.657299,740.205942,9104.533087
1241.227443,459.657299,814.226536,9252.574275
1241.227761,766.095498,666.185348,9400.615463
1241.228080,306.438199,888.247130,9474.636058
1241.228399,689.485948,814.226536,9326.594869
1241.228718,766.095498,740.205942,9030.512492
1241.229037,689.485948,666.185348,9252.574275
1241.229355,689.485948,814.226536,9178.553681
1241.229674,766.095498,666.185348,9252.574275
1241.229993,689.485948,740.205942,9252.574275
1241.230312,612.876398,666.185348,9252.574275
1241.230631,689.485948,592.164754,9252.574275
1241.230949,919.314598,296.082377,9178.553681
1241.231268,766.095498,518.144159,9696.697840
1241.231587,536.266849,444.123565,9326.594869
1241.231906,536.266849,296.082377,9474.636058
1241.232225,306.438199,-0.000000,9474.636058
1241.232543,459.657299,-0.000000,9696.697840
1241.232862,766.095498,-74.020594,9474.636058
1241.233181,459.657299,-0.000000,9548.656652
1241.233500,536.266849,148.041188,9622.677246
1241.233818,229.828649,148.041188,9474.636058
1241.234137,0.000000,-0.000000,9474.636058
1241.234456,306.438199,370.102971,9474.636058
1241.234775,229.828649,148.041188,9400.615463
1241.235094,229.828649,370.102971,9474.636058
1241.235412,0.000000,296.082377,9474.636058
1241.235731,153.219100,148.041188,9400.615463
1241.236050,459.657299,296.082377,9326.594869
1241.236369,0.000000,296.082377,9252.574275
1241.236688,306.438199,296.082377,9104.533087
1241.237006,153.219100,148.041188,9030.512492
1241.237325,306.438199,444.123565,9104.533087
1241.237644,153.219100,444.123565,9030.512492
1241.237963,459.657299,444.123565,9030.512492
1241.238282,383.047749,666.185348,9030.512492
1241.238600,536.266849,444.123565,9030.512492
1241.238919,766.095498,296.082377,9030.512492
1241.239238,536.266849,444.123565,8956.491898
1241.239557,766.095498,592.164754,8956.491898
1241.239875,919.314598,518.144159,9030.512492
1241.240194,0.000000,296.082377,9178.553681
1241.240513,919.314598,518.144159,8882.471304
1241.240832,536.266849,370.102971,9252.574275
1241.241151,689.485948,370.102971,9104.533087
1241.241469,919.314598,518.144159,8956.491898
1241.241788,459.657299,222.061783,9178.553681
1241.242107,536.266849,296.082377,9178.553681
1241.242426,229.828649,296.082377,9326.594869
1241.242745,459.657299,-0.000000,9252.574275
1241.243063,306.438199,148.041188,9030.512492
1241.243382,153.219100,148.041188,9474.636058
1241.243701,459.657299,370.102971,9252.574275
1241.244020,306.438199,-0.000000,9400.615463
1241.244339,459.657299,222.061783,9178.553681
1241.244657,306.438199,222.061783,9474.636058
1241.244976,0.000000,370.102971,9474.636058
1241.245295,383.047749,296.082377,9326.594869
1241.245614,306.438199,518.144159,9400.615463
1241.245932,76.609550,222.061783,9326.594869
1241.246251,229.828649,296.082377,9548.656652
1241.246570,229.828649,518.144159,9474.636058
1241.246889,459.657299,518.144159,9474.636058
1241.247208,306.438199,370.102971,9252.574275
1241.247526,229.828649,518.144159,9400.615463
1241.247845,689.485948,444.123565,9474.636058
1241.248164,689.485948,370.102971,9326.594869
1241.248483,766.095498,518.144159,9252.574275
1241.248802,919.314598,814.226536,9252.574275
1241.249120,1225.752797,518.144159,9178.553681
1241.249439,612.876398,518.144159,9252.574275
1241.249758,1072.533697,740.205942,9252.574275
1241.250077,919.314598,592.164754,9326.594869
1241.250396,995.924147,666.185348,9178.553681
1241.250714,1225.752797,444.123565,9178.553681
1241.251033,919.314598,370.102971,9104.533087
1241.251352,689.485948,592.164754,9326.594869
1241.251671,766.095498,592.164754,9474.636058
1241.251989,536.266849,444.123565,9400.615463
1241.252308,459.657299,222.061783,9474.636058
1241.252627,153.219100,222.061783,9474.636058
1241.252946,612.876398,370.102971,9400.615463
1241.253265,306.438199,222.061783,9474.636058
1241.253583,153.219100,370.102971,9252.574275
1241.253902,0.000000,-0.000000,9622.677246
1241.254221,153.219100,-0.000000,9474.636058
1241.254540,0.000000,148.041188,9400.615463
1241.254859,0.000000,296.082377,9400.615463
1241.255177,459.657299,222.061783,9474.636058
1241.255496,0.000000,-296.082377,9104.533087
1241.255815,0.000000,370.102971,9104.533087
1241.256134,-383.047749,148.041188,9400.615463
1241.256453,0.000000,592.164754,9178.553681
1241.256771,229.828649,444.123565,9178.553681
1241.257090,229.828649,222.061783,9178.553681
1241.257409,76.609550,222.061783,9178.553681
1241.257728,153.219100,592.164754,9030.512492
1241.258046,536.266849,592.164754,9104.533087
1241.258365,612.876398,444.123565,9252.574275
1241.258684,766.095498,592.164754,8808.450710
1241.259003,459.657299,444.123565,9030.512492
1241.259322,842.705048,518.144159,8882.471304
1241.259640,612.876398,592.164754,9030.512492
1241.259959,1072.533697,814.226536,8956.491898
1241.260278,612.876398,444.123565,9178.553681
1241.260597,536.266849,296.082377,8956.491898
1241.260916,689.485948,222.061783,9030.512492
1241.261234,919.314598,296.082377,9178.553681
1241.261553,1072.533697,740.205942,9622.677246
1241.261872,766.095498,296.082377,9400.615463
1241.262191,842.705048,370.102971,9104.533087
1241.262510,536.266849,222.061783,9474.636058
1241.262828,1072.533697,-0.000000,9252.574275
1241.263147,612.876398,-0.000000,9326.594869
1241.263466,612.876398,148.041188,9400.615463
1241.263785,842.705048,148.041188,9474.636058
1241.264103,612.876398,-0.000000,9326.594869
1241.264422,459.657299,222.061783,9474.636058
1241.264741,536.266849,296.082377,9252.574275
1241.265060,306.438199,222.061783,9696.697840
1241.265379,153.219100,370.102971,9400.615463
1241.265697,459.657299,518.144159,9474.636058
1241.266016,0.000000,592.164754,9474.636058
1241.266335,153.219100,296.082377,9400.615463
1241.266654,76.609550,518.144159,9400.615463
1241.266973,0.000000,444.123565,9326.594869
1241.267291,153.219100,370.102971,9474.636058
1241.267610,0.000000,740.205942,9474.636058
1241.267929,0.000000,592.164754,9400.615463
1241.268248,383.047749,740.205942,9400.615463
1241.268567,536.266849,592.164754,9400.615463
1241.268885,766.095498,666.185348,9400.615463
1241.269204,842.705048,814.226536,8956.491898
1241.269523,766.095498,666.185348,9326.594869
1241.269842,842.705048,740.205942,9104.533087
1241.270161,1072.533697,518.144159,8882.471304
1241.270479,689.485948,592.164754,9104.533087
1241.270798,766.095498,518.144159,9104.533087
1241.271117,919.314598,444.123565,9104.533087
1241.271436,612.876398,370.102971,9252.574275
1241.271754,842.705048,222.061783,9030.512492
1241.272073,306.438199,444.123565,9474.636058
1241.272392,536.266849,444.123565,9326.594869
1241.272711,689.485948,148.041188,9326.594869
1241.273030,459.657299,-0.000000,9400.615463
1241.273348,612.876398,-148.041188,9400.615463
1241.273667,383.047749,222.061783,9474.636058
1241.273986,459.657299,222.061783,9474.636058
1241.274305,383.047749,222.061783,9474.636058
1241.274624,383.047749,-0.000000,9104.533087
1241.274942,459.657299,-0.000000,9104.533087
1241.275261,306.438199,-74.020594,9400.615463
1241.275580,383.047749,-148.041188,9400.615463
1241.275899,229.828649,-0.000000,9326.594869
1241.276218,76.609550,148.041188,9400.615463
1241.276536,459.657299,-0.000000,9178.553681
1241.276855,153.219100,222.061783,9326.594869
1241.277174,229.828649,370.102971,9252.574275
1241.277493,0.000000,296.082377,9178.553681
1241.277811,766.095498,-0.000000,8882.471304
1241.278130,536.266849,370.102971,9104.533087
1241.278449,536.266849,518.144159,9030.512492
1241.278768,153.219100,592.164754,9252.574275
1241.279087,306.438199,592.164754,9178.553681
1241.279405,536.266849,444.123565,9104.533087
1241.279724,536.266849,518.144159,9030.512492
1241.280043,766.095498,888.247130,9104.533087
1241.280362,689.485948,740.205942,8882.471304
1241.280681,459.657299,666.185348,9104.533087
1241.280999,536.266849,592.164754,8956.491898
1241.281318,612.876398,222.061783,8882.471304
1241.281637,919.314598,592.164754,8882.471304
1241.281956,536.266849,518.144159,9178.553681
1241.282275,459.657299,370.102971,9252.574275
1241.282593,383.047749,-74.020594,8956.491898
1241.282912,383.047749,518.144159,9252.574275
1241.283231,306.438199,296.082377,9178.553681
1241.283550,383.047749,444.123565,9178.553681
1241.283868,153.219100,-0.000000,9326.594869
1241.284187,459.657299,370.102971,9400.615463
1241.284506,153.219100,222.061783,9400.615463
1241.284825,76.609550,370.102971,9326.594869
1241.285144,306.438199,296.082377,9474.636058
1241.285462,383.047749,148.041188,9474.636058
1241.285781,383.047749,296.082377,9474.636058
1241.286100,76.609550,444.123565,9326.594869
1241.286419,76.609550,592.164754,9400.615463
1241.286737,153.219100,222.061783,9400.615463
1241.287056,459.657299,296.082377,9474.636058
1241.287375,383.047749,444.123565,9474.636058
1241.287694,383.047749,592.164754,9474.636058
1241.288013,612.876398,444.123565,9474.636058
1241.288331,459.657299,666.185348,9252.574275
1241.288650,842.705048,740.205942,9326.594869
1241.288969,459.657299,592.164754,9178.553681
1241.289288,689.485948,444.123565,9178.553681
1241.289607,995.924147,740.205942,9326.594869
1241.289925,919.314598,518.144159,9326.594869
1241.290244,612.876398,296.082377,9252.574275
1241.290563,459.657299,518.144159,9252.574275
1241.290882,995.924147,592.164754,9104.533087
1241.291200,383.047749,592.164754,9252.574275
1241.291519,536.266849,370.102971,9178.553681
1241.291838,459.657299,296.082377,9326.594869
1241.292157,459.657299,296.082377,9400.615463
1241.292476,689.485948,222.061783,9252.574275
1241.292794,383.047749,222.061783,9326.594869
1241.293113,689.485948,-0.000000,9474.636058
1241.293432,383.047749,-74.020594,9326.594869
1241.293751,842.705048,-0.000000,8956.491898
1241.294070,459.657299,222.061783,9252.574275
1241.294388,459.657299,-0.000000,9104.533087
1241.294707,536.266849,148.041188,9104.533087
1241.295026,383.047749,-0.000000,9252.574275
1241.295345,383.047749,-0.000000,9178.553681
1241.295663,536.266849,222.061783,9178.553681
1241.295982,229.828649,222.061783,9326.594869
1241.296301,76.609550,222.061783,9326.594869
1241.296620,383.047749,148.041188,9326.594869
1241.296939,153.219100,222.061783,9252.574275
1241.297257,306.438199,-0.000000,9326.594869
1241.297576,612.876398,-0.000000,9252.574275
1241.297895,153.219100,296.082377,9252.574275
1241.298214,229.828649,370.102971,8956.491898
1241.298533,612.876398,296.082377,8956.491898
1241.298851,536.266849,518.144159,9030.512492
1241.299170,306.438199,444.123565,9178.553681
1241.299489,383.047749,518.144159,9252.574275
1241.299808,612.876398,592.164754,8882.471304
1241.300126,612.876398,518.144159,9178.553681
1241.300445,689.485948,-0.000000,9030.512492
1241.300764,229.828649,148.041188,9178.553681
1241.301083,306.438199,222.061783,9104.533087
1241.301402,689.485948,444.123565,9104.533087
1241.301720,459.657299,-0.000000,9104.533087
1241.302039,536.266849,444.123565,9104.533087
1241.302358,383.047749,370.102971,9104.533087
1241.302677,383.047749,444.123565,9252.574275
1241.302995,459.657299,222.061783,9252.574275
1241.303314,306.438199,370.102971,9474.636058
1241.303633,306.438199,148.041188,9474.636058
1241.303952,153.219100,-0.000000,9252.574275
1241.304271,153.219100,74.020594,9474.636058
1241.304589,153.219100,370.102971,9474.636058
1241.304908,0.000000,370.102971,9474.636058
1241.305227,76.609550,148.041188,9474.636058
1241.305546,229.828649,370.102971,9326.594869
1241.305865,0.000000,370.102971,9252.574275
1241.306183,76.609550,444.123565,9400.615463
1241.306502,153.219100,592.164754,9400.615463
1241.306821,0.000000,814.226536,9326.594869
1241.307140,306.438199,518.144159,9474.636058
1241.307458,383.047749,888.247130,9252.574275
1241.307777,229.828649,740.205942,9326.594869
1241.308096,383.047749,888.247130,9474.636058
1241.308415,612.876398,888.247130,9252.574275
1241.308734,612.876398,962.267725,9104.533087
1241.309052,536.266849,740.205942,9030.512492
1241.309371,612.876398,666.185348,9326.594869
1241.309690,689.485948,666.185348,9326.594869
1241.310009,612.876398,888.247130,9474.636058
1241.310328,689.485948,592.164754,9474.636058
1241.310646,612.876398,370.102971,9104.533087
1241.310965,689.485948,592.164754,9178.553681
1241.311284,612.876398,518.144159,9326.594869
1241.311603,842.705048,148.041188,9104.533087
1241.311921,995.924147,666.185348,9326.594869
1241.312240,689.485948,444.123565,9326.594869
1241.312559,995.924147,296.082377,9178.553681
1241.312878,536.266849,-296.082377,9252.574275
1241.313197,689.485948,222.061783,9252.574275
1241.313515,766.095498,-0.000000,9326.594869
1241.313834,612.876398,74.020594,9474.636058
1241.314153,536.266849,222.061783,9548.656652
1241.314472,383.047749,296.082377,9474.636058
1241.314791,459.657299,-0.000000,9474.636058
1241.315109,306.438199,-0.000000,9400.615463
1241.315428,76.609550,-0.000000,9474.636058
1241.315747,76.609550,-0.000000,9474.636058
1241.316066,383.047749,-74.020594,9400.615463
1241.316384,0.000000,148.041188,9400.615463
1241.316703,76.609550,148.041188,9400.615463
1241.317022,76.609550,-0.000000,9400.615463
1241.317341,76.609550,148.041188,9326.594869
1241.317660,306.438199,-0.000000,9474.636058
1241.317978,383.047749,296.082377,9178.553681
1241.318297,459.657299,222.061783,9252.574275
1241.318616,536.266849,296.082377,9030.512492
1241.318935,919.314598,296.082377,9252.574275
1241.319254,919.314598,222.061783,9178.553681
1241.319572,612.876398,444.123565,8956.491898
1241.319891,306.438199,296.082377,9104.533087
1241.320210,536.266849,518.144159,9030.512492
1241.320529,536.266849,370.102971,8808.450710
1241.320847,612.876398,296.082377,8882.471304
1241.321166,689.485948,222.061783,8956.491898
1241.321485,689.485948,222.061783,8956.491898
1241.321804,689.485948,370.102971,9030.512492
1241.322123,689.485948,296.082377,9030.512492
1241.322441,612.876398,296.082377,8882.471304
1241.322760,459.657299,444.123565,9252.574275
1241.323079,612.876398,444.123565,8956.491898
1241.323398,612.876398,296.082377,9104.533087
1241.323716,76.609550,-74.020594,9178.553681
1241.324035,306.438199,444.123565,9326.594869
1241.324354,76.609550,518.144159,9178.553681
1241.324673,459.657299,296.082377,9474.636058
1241.324992,612.876398,296.082377,9474.636058
1241.325310,229.828649,814.226536,9400.615463
1241.325629,383.047749,370.102971,9474.636058
1241.325948,0.000000,222.061783,9326.594869
1241.326267,229.828649,666.185348,9252.574275
1241.326586,612.876398,296.082377,9400.615463
1241.326904,306.438199,444.123565,9252.574275
1241.327223,229.828649,740.205942,9400.615463
1241.327542,383.047749,518.144159,9252.574275
1241.327861,383.047749,518.144159,9178.553681
1241.328179,229.828649,740.205942,9400.615463
1241.328498,306.438199,444.123565,9178.553681
1241.328817,536.266849,444.123565,9326.594869
1241.329136,612.876398,518.144159,9548.656652
1241.329455,919.314598,370.102971,9178.553681
1241.329773,689.485948,518.144159,9326.594869
1241.330092,612.876398,666.185348,9400.615463
1241.330411,842.705048,370.102971,9252.574275
1241.330730,1072.533697,740.205942,9474.636058
1241.331049,1072.533697,814.226536,9474.636058
1241.331367,919.314598,740.205942,9400.615463
1241.331686,1072.533697,518.144159,9252.574275
1241.332005,1072.533697,518.144159,9178.553681
1241.332324,842.705048,-0.000000,9326.594869
1241.332642,919.314598,-0.000000,9548.656652
1241.332961,766.095498,370.102971,9474.636058
1241.333280,766.095498,-0.000000,9104.533087
1241.333599,689.485948,-0.000000,9400.615463
1241.333918,383.047749,-0.000000,9326.594869
1241.334236,76.609550,-74.020594,9474.636058
1241.334555,689.485948,-0.000000,9178.553681
1241.334874,383.047749,-0.000000,9252.574275
1241.335193,153.219100,-0.000000,9400.615463
1241.335512,76.609550,222.061783,9326.594869
1241.335830,153.219100,-0.000000,9474.636058
1241.336149,306.438199,-0.000000,9178.553681
1241.336468,229.828649,-0.000000,9252.574275
1241.336787,0.000000,-0.000000,9326.594869
1241.337105,383.047749,-296.082377,9252.574275
1241.337424,0.000000,296.082377,9252.574275
1241.337743,76.609550,296.082377,9030.512492
1241.338062,76.609550,444.123565,9178.553681
1241.338381,153.219100,592.164754,9030.512492
1241.338699,306.438199,148.041188,9104.533087
1241.339018,459.657299,-0.000000,8586.388927
1241.339337,689.485948,444.123565,8882.471304
1241.339656,459.657299,444.123565,9178.553681
1241.339974,383.047749,296.082377,9104.533087
1241.340293,459.657299,222.061783,9326.594869
1241.340612,383.047749,370.102971,9104.533087
1241.340931,612.876398,592.164754,8956.491898
1241.341250,842.705048,370.102971,9104.533087
1241.341568,689.485948,296.082377,8882.471304
1241.341887,153.219100,518.144159,9178.553681
1241.342206,612.876398,-0.000000,9030.512492
1241.342525,1072.533697,296.082377,8956.491898
1241.342844,689.485948,444.123565,9252.574275
1241.343162,459.657299,148.041188,9104.533087
1241.343481,842.705048,-148.041188,9178.553681
1241.343800,459.657299,-0.000000,9252.574275
1241.344119,536.266849,-0.000000,9474.636058
1241.344437,306.438199,148.041188,9326.594869
1241.344756,76.609550,222.061783,9400.615463
1241.345075,612.876398,74.020594,9474.636058
1241.345394,536.266849,444.123565,9400.615463
1241.345713,229.828649,-74.020594,9474.636058
1241.346031,76.609550,370.102971,9474.636058
1241.346350,76.609550,370.102971,9252.574275
1241.346669,229.828649,296.082377,9474.636058
1241.346988,229.828649,296.082377,9474.636058
1241.347307,229.828649,370.102971,9252.574275
1241.347625,229.828649,592.164754,9474.636058
1241.347944,306.438199,370.102971,9548.656652
1241.348263,229.828649,-0.000000,9104.533087
1241.348582,229.828649,444.123565,9474.636058
1241.348900,229.828649,518.144159,9400.615463
1241.349219,383.047749,666.185348,9252.574275
1241.349538,229.828649,666.185348,9474.636058
1241.349857,536.266849,666.185348,9252.574275
1241.350176,612.876398,740.205942,9104.533087
1241.350494,766.095498,740.205942,9178.553681
1241.350813,842.705048,666.185348,9104.533087
1241.351132,919.314598,444.123565,9030.512492
1241.351451,1225.752797,666.185348,9030.512492
1241.351770,995.924147,592.164754,9326.594869
1241.352088,1072.533697,592.164754,9178.553681
1241.352407,842.705048,518.144159,9252.574275
1241.352726,612.876398,444.123565,9400.615463
1241.353045,689.485948,444.123565,9400.615463
1241.353363,689.485948,222.061783,9252.574275
1241.353682,153.219100,370.102971,9400.615463
1241.354001,459.657299,-0.000000,9474.636058
1241.354320,306.438199,148.041188,9474.636058
1241.354639,229.828649,-0.000000,9400.615463
1241.354957,536.266849,444.123565,9326.594869
1241.355276,229.828649,444.123565,9548.656652
1241.355595,0.000000,148.041188,9474.636058
1241.355914,383.047749,222.061783,9400.615463
1241.356233,306.438199,296.082377,9104.533087
1241.356551,153.219100,444.123565,9178.553681
1241.356870,229.828649,222.061783,9178.553681
1241.357189,689.485948,222.061783,9252.574275
1241.357508,0.000000,-0.000000,9326.594869
1241.357826,383.047749,444.123565,9474.636058
1241.358145,76.609550,370.102971,9326.594869
1241.358464,306.438199,370.102971,9178.553681
1241.358783,153.219100,296.082377,9030.512492
1241.359102,306.438199,518.144159,9178.553681
1241.359420,383.047749,444.123565,9178.553681
1241.359739,459.657299,592.164754,8956.491898
1241.360058,766.095498,518.144159,9326.594869
1241.360377,766.095498,148.041188,9030.512492
1241.360695,612.876398,370.102971,8882.471304
1241.361014,995.924147,518.144159,9030.512492
1241.361333,766.095498,296.082377,9178.553681
1241.361652,1302.362347,518.144159,8956.491898
1241.361971,689.485948,444.123565,9030.512492
1241.362289,842.705048,222.061783,8956.491898
1241.362608,919.314598,444.123565,9326.594869
1241.362927,689.485948,-0.000000,9252.574275
1241.363246,536.266849,148.041188,9326.594869
1241.363565,459.657299,-0.000000,9030.512492
1241.363883,383.047749,222.061783,9400.615463
1241.364202,536.266849,148.041188,9474.636058
1241.364521,689.485948,-148.041188,9548.656652
1241.364840,536.266849,-0.000000,9326.594869
1241.365158,383.047749,-0.000000,9474.636058
1241.365477,612.876398,296.082377,9326.594869
1241.365796,612.876398,296.082377,9104.533087
1241.366115,153.219100,222.061783,9400.615463
1241.366434,153.219100,222.061783,9400.615463
1241.366752,229.828649,296.082377,9326.594869
1241.367071,306.438199,444.123565,9474.636058
1241.367390,536.266849,296.082377,9474.636058
1241.367709,383.047749,370.102971,9326.594869
1241.368028,153.219100,444.123565,9474.636058
1241.368346,306.438199,296.082377,9326.594869
1241.368665,459.657299,592.164754,9400.615463
1241.368984,229.828649,592.164754,9178.553681
1241.369303,536.266849,444.123565,9178.553681
1241.369621,689.485948,666.185348,9326.594869
1241.369940,919.314598,666.185348,9252.574275
1241.370259,842.705048,740.205942,9252.574275
1241.370578,919.314598,592.164754,9326.594869
1241.370897,995.924147,592.164754,9030.512492
1241.371215,612.876398,444.123565,9104.533087
1241.371534,842.705048,666.185348,9252.574275
1241.371853,995.924147,518.144159,9400.615463
1241.372172,842.705048,74.020594,8956.491898
1241.372491,689.485948,296.082377,9326.594869
1241.372809,536.266849,370.102971,9326.594869
1241.373128,536.266849,296.082377,9400.615463
1241.373447,459.657299,148.041188,9474.636058
1241.373766,459.657299,296.082377,9622.677246
1241.374084,459.657299,-0.000000,9400.615463
1241.374403,306.438199,-0.000000,9400.615463
1241.374722,0.000000,-0.000000,9252.574275
1241.375041,229.828649,-0.000000,9104.533087
1241.375360,76.609550,296.082377,9178.553681
1241.375678,229.828649,-0.000000,9326.594869
1241.375997,153.219100,-0.000000,9326.594869
1241.376316,229.828649,148.041188,9474.636058
1241.376635,76.609550,-74.020594,9474.636058
1241.376953,76.609550,-74.020594,9400.615463
1241.377272,0.000000,370.102971,9252.574275
1241.377591,76.609550,518.144159,9178.553681
1241.377910,0.000000,222.061783,9178.553681
1241.378229,153.219100,370.102971,9104.533087
1241.378547,0.000000,518.144159,9252.574275
1241.378866,76.609550,444.123565,9104.533087
1241.379185,229.828649,666.185348,9104.533087
1241.379504,459.657299,592.164754,9178.553681
1241.379823,995.924147,444.123565,8956.491898
1241.380141,842.705048,814.226536,8882.471304
1241.380460,842.705048,444.123565,9104.533087
1241.380779,689.485948,592.164754,8956.491898
1241.381098,842.705048,518.144159,9178.553681
1241.381416,919.314598,518.144159,9178.553681
1241.381735,689.485948,518.144159,9104.533087
1241.382054,842.705048,592.164754,8956.491898
1241.382373,766.095498,296.082377,9178.553681
1241.382692,995.924147,222.061783,9252.574275
1241.383010,689.485948,148.041188,9252.574275
1241.383329,612.876398,222.061783,9178.553681
1241.383648,612.876398,518.144159,9400.615463
1241.383967,459.657299,148.041188,9326.594869
1241.384286,383.047749,-0.000000,9400.615463
1241.384604,612.876398,-0.000000,9400.615463
1241.384923,306.438199,222.061783,9474.636058
1241.385242,229.828649,222.061783,9400.615463
1241.385561,229.828649,296.082377,9400.615463
1241.385880,0.000000,222.061783,9548.656652
1241.386198,229.828649,370.102971,9252.574275
1241.386517,76.609550,296.082377,9474.636058
1241.386836,0.000000,296.082377,9400.615463
1241.387155,0.000000,296.082377,9400.615463
1241.387474,-153.219100,148.041188,9400.615463
1241.387793,0.000000,444.123565,9400.615463
1241.388111,153.219100,518.144159,9326.594869
1241.388430,76.609550,592.164754,9252.574275
1241.388749,0.000000,592.164754,9326.594869
1241.389068,383.047749,962.267725,9104.533087
1241.389387,306.438199,592.164754,9178.553681
1241.389705,459.657299,518.144159,9400.615463
1241.390024,612.876398,740.205942,9326.594869
1241.390343,689.485948,444.123565,9252.574275
1241.390662,919.314598,814.226536,9104.533087
1241.390981,919.314598,666.185348,9178.553681
1241.391300,1072.533697,592.164754,9104.533087
1241.391618,995.924147,444.123565,9252.574275
1241.391937,919.314598,518.144159,9178.553681
1241.392256,766.095498,-0.000000,9178.553681
1241.392575,1149.143247,444.123565,9400.615463
1241.392894,1225.752797,296.082377,9326.594869
1241.393212,919.314598,148.041188,9104.533087
1241.393531,766.095498,-0.000000,9326.594869
1241.393850,766.095498,148.041188,9474.636058
1241.394169,689.485948,-0.000000,9326.594869
1241.394488,766.095498,222.061783,9474.636058
1241.394807,995.924147,-0.000000,9474.636058
1241.395125,612.876398,-0.000000,9400.615463
1241.395444,383.047749,-222.061783,9400.615463
1241.395763,689.485948,-0.000000,9326.594869
1241.396082,383.047749,-148.041188,9474.636058
1241.396401,383.047749,-0.000000,9622.677246
1241.396719,153.219100,148.041188,9622.677246
1241.397038,229.828649,74.020594,9326.594869
1241.397357,0.000000,222.061783,9474.636058
1241.397676,459.657299,-0.000000,9178.553681
1241.397995,383.047749,148.041188,9326.594869
1241.398314,76.609550,370.102971,9326.594869
1241.398632,76.609550,296.082377,9178.553681
1241.398951,0.000000,370.102971,9326.594869
1241.399270,229.828649,370.102971,9104.533087
1241.399589,383.047749,370.102971,9030.512492
1241.399908,383.047749,370.102971,8956.491898
1241.400226,229.828649,666.185348,9104.533087
1241.400545,459.657299,740.205942,9030.512492
1241.400864,536.266849,592.164754,8586.388927
1241.401183,536.266849,666.185348,8882.471304
1241.401502,536.266849,592.164754,8808.450710
1241.401821,766.095498,740.205942,9030.512492
1241.402139,842.705048,592.164754,8956.491898
1241.402458,919.314598,444.123565,8734.430116
1241.402777,766.095498,518.144159,8956.491898
1241.403096,612.876398,518.144159,9104.533087
1241.403415,612.876398,444.123565,8956.491898
1241.403733,536.266849,666.185348,9104.533087
1241.404052,383.047749,148.041188,9326.594869
1241.404371,306.438199,444.123565,9104.533087
1241.404690,383.047749,370.102971,9326.594869
1241.405009,383.047749,370.102971,9326.594869
1241.405328,459.657299,296.082377,9252.574275
1241.405646,306.438199,296.082377,9178.553681
1241.405965,459.657299,518.144159,9326.594869
1241.406284,229.828649,370.102971,9400.615463
1241.406603,76.609550,444.123565,9400.615463
1241.406922,153.219100,296.082377,9400.615463
1241.407240,76.609550,518.144159,9474.636058
1241.407559,153.219100,518.144159,9400.615463
1241.407878,0.000000,444.123565,9548.656652
1241.408197,229.828649,444.123565,9548.656652
1241.408516,229.828649,592.164754,9400.615463
1241.408835,153.219100,444.123565,9474.636058
1241.409153,0.000000,222.061783,9400.615463
1241.409472,306.438199,592.164754,9474.636058
1241.409791,383.047749,592.164754,9400.615463
1241.410110,229.828649,518.144159,9474.636058
1241.410429,459.657299,518.144159,9474.636058
1241.410747,842.705048,740.205942,9326.594869
1241.411066,842.705048,666.185348,9400.615463
1241.411385,766.095498,1110.308913,9326.594869
1241.411704,1072.533697,222.061783,9178.553681
1241.412023,766.095498,444.123565,9326.594869
1241.412342,689.485948,370.102971,9400.615463
1241.412660,842.705048,370.102971,9178.553681
1241.412979,383.047749,370.102971,9474.636058
1241.413298,383.047749,-0.000000,9400.615463
1241.413617,459.657299,148.041188,9474.636058
1241.413936,766.095498,-0.000000,9474.636058
1241.414254,536.266849,148.041188,9474.636058
1241.414573,383.047749,-0.000000,9178.553681
1241.414892,306.438199,-0.000000,9400.615463
1241.415211,536.266849,444.123565,9474.636058
1241.415530,229.828649,-74.020594,9400.615463
1241.415849,459.657299,222.061783,9326.594869
1241.416167,459.657299,296.082377,9252.574275
1241.416486,306.438199,148.041188,9252.574275
1241.416805,383.047749,148.041188,9104.533087
1241.417124,306.438199,296.082377,9326.594869
1241.417443,689.485948,148.041188,9252.574275
1241.417761,536.266849,370.102971,9252.574275
1241.418080,612.876398,-0.000000,9252.574275
1241.418399,306.438199,370.102971,9252.574275
1241.418718,612.876398,370.102971,9252.574275
1241.419037,842.705048,592.164754,9104.533087
1241.419356,766.095498,518.144159,8882.471304
1241.419674,536.266849,518.144159,8956.491898
1241.419993,689.485948,592.164754,8956.491898
1241.420312,766.095498,518.144159,8882.471304
1241.420631,919.314598,592.164754,9104.533087
1241.420950,766.095498,592.164754,8956.491898
1241.421268,383.047749,222.061783,8808.450710
1241.421587,612.876398,592.164754,8808.450710
1241.421906,995.924147,74.020594,8956.491898
1241.422225,536.266849,518.144159,9178.553681
1241.422544,536.266849,370.102971,9030.512492
1241.422863,536.266849,370.102971,9030.512492
1241.423181,306.438199,444.123565,9030.512492
1241.423500,612.876398,296.082377,9178.553681
1241.423819,0.000000,296.082377,9178.553681
1241.424138,153.219100,370.102971,9252.574275
1241.424457,76.609550,-0.000000,9178.553681
1241.424775,-153.219100,148.041188,9178.553681
1241.425094,229.828649,-148.041188,9104.533087
1241.425413,306.438199,370.102971,9474.636058
1241.425732,0.000000,296.082377,9474.636058
1241.426051,0.000000,222.061783,9326.594869
1241.426370,536.266849,148.041188,9252.574275
1241.426688,306.438199,148.041188,9474.636058
1241.427007,0.000000,296.082377,9252.574275
1241.427326,306.438199,296.082377,9400.615463
1241.427645,0.000000,518.144159,9474.636058
1241.427964,0.000000,222.061783,9474.636058
1241.428282,153.219100,666.185348,9548.656652
1241.428601,153.219100,592.164754,9770.718434
1241.428920,229.828649,518.144159,9400.615463
1241.429239,612.876398,666.185348,9474.636058
1241.429558,229.828649,444.123565,9918.759623
1241.429877,536.266849,666.185348,9474.636058
1241.430195,689.485948,740.205942,9400.615463
1241.430514,766.095498,592.164754,9326.594869
1241.430833,919.314598,740.205942,9326.594869
1241.431152,1685.410096,740.205942,9400.615463
1241.431471,1149.143247,666.185348,9400.615463
1241.431789,1225.752797,740.205942,9326.594869
1241.432108,1072.533697,518.144159,9104.533087
1241.432427,1072.533697,518.144159,9400.615463
1241.432746,612.876398,296.082377,9326.594869
1241.433065,689.485948,296.082377,9326.594869
1241.433384,536.266849,444.123565,9400.615463
1241.433702,459.657299,296.082377,9326.594869
1241.434021,689.485948,296.082377,9474.636058
1241.434340,919.314598,-0.000000,9474.636058
1241.434659,229.828649,-0.000000,9474.636058
1241.434978,153.219100,-0.000000,9474.636058
1241.435296,76.609550,296.082377,9548.656652
1241.435615,229.828649,-0.000000,9400.615463
1241.435934,0.000000,148.041188,9474.636058
1241.436253,153.219100,-0.000000,9400.615463
1241.436572,229.828649,-0.000000,9400.615463
1241.436891,0.000000,-0.000000,9326.594869
1241.437209,0.000000,-74.020594,9326.594869
1241.437528,0.000000,-222.061783,9178.553681
1241.437847,229.828649,222.061783,9030.512492
1241.438166,0.000000,296.082377,9326.594869
1241.438485,0.000000,296.082377,9326.594869
1241.438803,306.438199,-0.000000,9030.512492
1241.439122,153.219100,370.102971,9326.594869
1241.439441,0.000000,370.102971,9178.553681
1241.439760,76.609550,222.061783,8956.491898
1241.440079,689.485948,370.102971,9104.533087
1241.440398,536.266849,296.082377,8882.471304
1241.440716,459.657299,296.082377,8956.491898
1241.441035,842.705048,592.164754,8882.471304
1241.441354,842.705048,592.164754,8882.471304
1241.441673,842.705048,518.144159,8882.471304
1241.441992,766.095498,370.102971,8956.491898
1241.442310,919.314598,518.144159,8882.471304
1241.442629,842.705048,518.144159,9030.512492
1241.442948,842.705048,518.144159,9104.533087
1241.443267,995.924147,370.102971,9178.553681
1241.443586,689.485948,148.041188,9178.553681
1241.443905,919.314598,296.082377,9104.533087
1241.444223,383.047749,222.061783,9326.594869
1241.444542,383.047749,222.061783,9030.512492
1241.444861,842.705048,148.041188,9252.574275
1241.445180,612.876398,296.082377,9400.615463
1241.445499,536.266849,222.061783,9252.574275
1241.445817,536.266849,296.082377,9400.615463
1241.446136,689.485948,74.020594,9400.615463
1241.446455,383.047749,-74.020594,9400.615463
1241.446774,306.438199,-0.000000,9400.615463
1241.447093,612.876398,296.082377,9178.553681
1241.447412,536.266849,444.123565,9326.594869
1241.447730,229.828649,-0.000000,9474.636058
1241.448049,229.828649,222.061783,9178.553681
1241.448368,306.438199,296.082377,9326.594869
1241.448687,229.828649,296.082377,9326.594869
1241.449006,459.657299,592.164754,9474.636058
1241.449324,383.047749,740.205942,9474.636058
1241.449643,612.876398,740.205942,9326.594869
1241.449962,536.266849,962.267725,9400.615463
1241.450281,536.266849,592.164754,9474.636058
1241.450600,0.000000,370.102971,9474.636058
1241.450919,689.485948,518.144159,9178.553681
1241.451237,689.485948,444.123565,9104.533087
1241.451556,689.485948,592.164754,9252.574275
1241.451875,766.095498,370.102971,9104.533087
1241.452194,536.266849,370.102971,9622.677246
1241.452513,459.657299,222.061783,9178.553681
1241.452831,459.657299,296.082377,9326.594869
1241.453150,536.266849,296.082377,9326.594869
1241.453469,306.438199,370.102971,9400.615463
1241.453788,1302.362347,370.102971,9474.636058
1241.454107,459.657299,222.061783,9178.553681
1241.454426,383.047749,370.102971,9252.574275
1241.454744,536.266849,370.102971,9400.615463
1241.455063,689.485948,444.123565,9326.594869
1241.455382,536.266849,296.082377,9326.594869
1241.455701,766.095498,-0.000000,9104.533087
1241.456020,536.266849,296.082377,9252.574275
1241.456338,612.876398,370.102971,9326.594869
1241.456657,612.876398,518.144159,9178.553681
1241.456976,459.657299,444.123565,9178.553681
1241.457295,459.657299,296.082377,9252.574275
1241.457614,383.047749,444.123565,9104.533087
1241.457933,153.219100,148.041188,9252.574275
1241.458251,0.000000,296.082377,9474.636058
1241.458570,229.828649,444.123565,9400.615463
1241.458889,229.828649,370.102971,9326.594869
1241.459208,383.047749,518.144159,8956.491898
1241.459527,383.047749,518.144159,9252.574275
1241.459845,459.657299,666.185348,8956.491898
1241.460164,383.047749,518.144159,9252.574275
1241.460483,919.314598,518.144159,8956.491898
1241.460802,689.485948,370.102971,9104.533087
1241.461121,689.485948,370.102971,9104.533087
1241.461440,383.047749,370.102971,8956.491898
1241.461758,536.266849,370.102971,8956.491898
1241.462077,689.485948,518.144159,9400.615463
1241.462396,536.266849,370.102971,9178.553681
1241.462715,383.047749,-0.000000,9030.512492
1241.463034,536.266849,370.102971,9252.574275
1241.463352,459.657299,222.061783,9400.615463
1241.463671,306.438199,148.041188,9030.512492
1241.463990,383.047749,222.061783,9400.615463
1241.464309,229.828649,-0.000000,9326.594869
1241.464628,459.657299,296.082377,9474.636058
1241.464947,306.438199,222.061783,9178.553681
1241.465265,153.219100,296.082377,9326.594869
1241.465584,153.219100,222.061783,9474.636058
1241.465903,76.609550,222.061783,9400.615463
1241.466222,229.828649,148.041188,9474.636058
1241.466541,383.047749,-0.000000,9178.553681
1241.466859,76.609550,222.061783,9474.636058
1241.467178,0.000000,296.082377,9326.594869
1241.467497,459.657299,296.082377,9474.636058
1241.467816,0.000000,370.102971,9400.615463
1241.468135,153.219100,592.164754,9474.636058
1241.468454,153.219100,370.102971,9400.615463
1241.468772,383.047749,296.082377,9400.615463
1241.469091,229.828649,444.123565,9400.615463
1241.469410,612.876398,814.226536,9474.636058
1241.469729,459.657299,666.185348,9474.636058
1241.470048,612.876398,666.185348,9326.594869
1241.470366,612.876398,666.185348,9178.553681
1241.470685,459.657299,888.247130,9178.553681
1241.471004,689.485948,740.205942,9252.574275
1241.471323,842.705048,592.164754,8956.491898
1241.471642,995.924147,740.205942,9326.594869
1241.471961,1225.752797,592.164754,9326.594869
1241.472279,919.314598,296.082377,9178.553681
1241.472598,1225.752797,518.144159,9104.533087
1241.472917,995.924147,370.102971,9326.594869
1241.473236,919.314598,370.102971,9252.574275
1241.473555,1072.533697,444.123565,9770.718434
1241.473873,842.705048,444.123565,9400.615463
1241.474192,842.705048,-0.000000,9252.574275
1241.474511,612.876398,74.020594,9326.594869
1241.474830,842.705048,-0.000000,9400.615463
1241.475149,689.485948,148.041188,9326.594869
1241.475468,689.485948,222.061783,9474.636058
1241.475786,306.438199,-0.000000,9400.615463
1241.476105,229.828649,148.041188,9326.594869
1241.476424,766.095498,-74.020594,9326.594869
1241.476743,229.828649,-0.000000,9400.615463
1241.477062,153.219100,148.041188,9326.594869
1241.477380,0.000000,222.061783,9326.594869
1241.477699,0.000000,-0.000000,9474.636058
1241.478018,0.000000,148.041188,9474.636058
1241.478337,0.000000,-0.000000,9326.594869
1241.478656,76.609550,-0.000000,9104.533087
1241.478975,0.000000,222.061783,9252.574275
1241.479293,153.219100,-0.000000,9326.594869
1241.479612,0.000000,296.082377,9030.512492
1241.479931,229.828649,222.061783,9178.553681
1241.480250,306.438199,222.061783,8956.491898
1241.480569,229.828649,222.061783,9030.512492
1241.480887,153.219100,444.123565,9178.553681
1241.481206,229.828649,518.144159,9030.512492
1241.481525,459.657299,518.144159,9030.512492
1241.481844,612.876398,222.061783,9104.533087
1241.482163,306.438199,-0.000000,8882.471304
1241.482482,612.876398,444.123565,9030.512492
1241.482800,306.438199,370.102971,8808.450710
1241.483119,842.705048,444.123565,9252.574275
1241.483438,612.876398,370.102971,9030.512492
1241.483757,306.438199,296.082377,9178.553681
1241.484076,459.657299,222.061783,9400.615463
1241.484394,536.266849,444.123565,9252.574275
1241.484713,536.266849,148.041188,9400.615463
1241.485032,383.047749,296.082377,9400.615463
1241.485351,383.047749,-0.000000,9178.553681
1241.485670,306.438199,148.041188,9252.574275
1241.485988,612.876398,296.082377,9178.553681
1241.486307,459.657299,296.082377,9178.553681
1241.486626,0.000000,296.082377,9400.615463
1241.486945,1072.533697,592.164754,9474.636058
1241.487264,306.438199,444.123565,9104.533087
1241.487582,153.219100,518.144159,9326.594869
1241.487901,76.609550,444.123565,9400.615463
1241.488220,76.609550,370.102971,9400.615463
1241.488539,0.000000,370.102971,9474.636058
1241.488858,306.438199,666.185348,9474.636058
1241.489176,0.000000,592.164754,9696.697840
1241.489495,306.438199,666.185348,9400.615463
1241.489814,306.438199,740.205942,9326.594869
1241.490133,995.924147,592.164754,9474.636058
1241.490452,919.314598,814.226536,9104.533087
1241.490770,919.314598,740.205942,9178.553681
1241.491089,995.924147,814.226536,9178.553681
1241.491408,1532.190996,962.267725,8956.491898
1241.491727,995.924147,814.226536,9104.533087
1241.492045,842.705048,740.205942,9104.533087
1241.492364,995.924147,814.226536,8956.491898
1241.492683,1072.533697,666.185348,8956.491898
1241.493002,536.266849,592.164754,9252.574275
1241.493321,536.266849,444.123565,9474.636058
1241.493639,536.266849,444.123565,9400.615463
1241.493958,459.657299,370.102971,9474.636058
1241.494277,306.438199,370.102971,9474.636058
1241.494596,306.438199,-0.000000,9548.656652
1241.494915,995.924147,444.123565,9548.656652
1241.495233,229.828649,74.020594,9474.636058
1241.495552,612.876398,-0.000000,9178.553681
1241.495871,459.657299,296.082377,9474.636058
1241.496190,306.438199,-0.000000,9326.594869
1241.496509,459.657299,148.041188,9474.636058
1241.496827,306.438199,222.061783,9474.636058
1241.497146,229.828649,222.061783,9474.636058
1241.497465,306.438199,148.041188,9326.594869
1241.497784,383.047749,-0.000000,9474.636058
1241.498103,153.219100,-0.000000,9326.594869
1241.498421,459.657299,370.102971,9252.574275
1241.498740,229.828649,-0.000000,9252.574275
1241.499059,306.438199,296.082377,9400.615463
1241.499378,383.047749,296.082377,9252.574275
1241.499697,229.828649,370.102971,9030.512492
1241.500015,383.047749,444.123565,9326.594869
1241.500334,612.876398,296.082377,9030.512492
1241.500653,995.924147,222.061783,9178.553681
1241.500972,766.095498,666.185348,9252.574275
1241.501291,842.705048,444.123565,9252.574275
1241.501609,536.266849,370.102971,8808.450710
1241.501928,689.485948,518.144159,9030.512492
1241.502247,1072.533697,518.144159,9104.533087
1241.502566,612.876398,370.102971,8956.491898
1241.502885,536.266849,296.082377,9104.533087
1241.503203,766.095498,444.123565,9252.574275
1241.503522,612.876398,222.061783,9104.533087
1241.503841,459.657299,-0.000000,9030.512492
1241.504160,459.657299,-0.000000,9030.512492
1241.504478,459.657299,296.082377,9104.533087
1241.504797,153.219100,148.041188,9400.615463
1241.505116,153.219100,148.041188,9030.512492
1241.505435,0.000000,444.123565,9474.636058
1241.505754,76.609550,-0.000000,9474.636058
1241.506072,0.000000,-0.000000,9474.636058
1241.506391,-153.219100,-0.000000,9474.636058
1241.506710,-229.828649,-0.000000,9178.553681
1241.507029,-229.828649,296.082377,9474.636058
1241.507348,-76.609550,222.061783,9400.615463
1241.507666,0.000000,444.123565,9474.636058
1241.507985,0.000000,370.102971,9474.636058
1241.508304,0.000000,666.185348,9474.636058
1241.508623,229.828649,444.123565,9252.574275
1241.508942,0.000000,518.144159,9104.533087
1241.509260,153.219100,666.185348,9178.553681
1241.509579,383.047749,740.205942,9252.574275
1241.509898,612.876398,666.185348,9252.574275
1241.510217,459.657299,592.164754,8956.491898
1241.510536,766.095498,814.226536,9178.553681
1241.510854,536.266849,814.226536,9030.512492
1241.511173,766.095498,740.205942,9178.553681
1241.511492,612.876398,740.205942,9178.553681
1241.511811,842.705048,666.185348,9326.594869
1241.512130,612.876398,666.185348,9326.594869
1241.512448,995.924147,370.102971,9400.615463
1241.512767,689.485948,444.123565,9400.615463
1241.513086,842.705048,740.205942,9400.615463
1241.513405,919.314598,666.185348,9178.553681
1241.513724,1072.533697,444.123565,9252.574275
1241.514042,919.314598,444.123565,9400.615463
1241.514361,1072.533697,444.123565,9252.574275
1241.514680,1149.143247,444.123565,9252.574275
1241.514999,1072.533697,296.082377,9326.594869
1241.515318,842.705048,-0.000000,9474.636058
1241.515636,766.095498,148.041188,9474.636058
1241.515955,383.047749,-0.000000,9400.615463
1241.516274,76.609550,-0.000000,9474.636058
1241.516593,76.609550,-0.000000,9696.697840
1241.516911,0.000000,-74.020594,9474.636058
1241.517230,0.000000,-444.123565,9474.636058
1241.517549,0.000000,-74.020594,9548.656652
1241.517868,0.000000,-0.000000,9474.636058
1241.518187,229.828649,222.061783,9326.594869
1241.518505,0.000000,222.061783,9400.615463
1241.518824,383.047749,222.061783,9474.636058
1241.519143,229.828649,444.123565,9104.533087
1241.519462,229.828649,444.123565,9178.553681
1241.519781,459.657299,370.102971,9178.553681
1241.520099,919.314598,-0.000000,9104.533087
1241.520418,153.219100,-0.000000,9030.512492
1241.520737,766.095498,370.102971,9104.533087
1241.521056,536.266849,592.164754,8882.471304
1241.521375,536.266849,370.102971,8882.471304
1241.521693,459.657299,518.144159,9104.533087
1241.522012,612.876398,740.205942,9178.553681
1241.522331,459.657299,370.102971,9104.533087
1241.522650,536.266849,444.123565,8956.491898
1241.522969,766.095498,370.102971,9030.512492
1241.523287,766.095498,148.041188,9104.533087
1241.523606,459.657299,-148.041188,9030.512492
1241.523925,612.876398,370.102971,9326.594869
1241.524244,766.095498,518.144159,8956.491898
1241.524563,536.266849,444.123565,8956.491898
1241.524881,919.314598,444.123565,9104.533087
1241.525200,766.095498,222.061783,9178.553681
1241.525519,612.876398,296.082377,8956.491898
1241.525838,459.657299,-0.000000,9178.553681
1241.526157,306.438199,222.061783,9400.615463
1241.526475,459.657299,-0.000000,9474.636058
1241.526794,306.438199,-0.000000,9326.594869
1241.527113,76.609550,148.041188,9474.636058
1241.527432,306.438199,-0.000000,9326.594869
1241.527751,383.047749,148.041188,9474.636058
1241.528069,229.828649,-0.000000,9696.697840
1241.528388,229.828649,-0.000000,9400.615463
1241.528707,383.047749,222.061783,9474.636058
1241.529026,306.438199,148.041188,9326.594869
1241.529344,459.657299,222.061783,9474.636058
1241.529663,-153.219100,370.102971,9326.594869
1241.529982,459.657299,518.144159,9474.636058
1241.530301,229.828649,444.123565,9400.615463
1241.530620,306.438199,296.082377,9474.636058
1241.530938,766.095498,-0.000000,9622.677246
1241.531257,459.657299,592.164754,9548.656652
1241.531576,536.266849,666.185348,9104.533087
1241.531895,536.266849,518.144159,9474.636058
1241.532214,689.485948,740.205942,9474.636058
1241.532532,766.095498,444.123565,9400.615463
1241.532851,689.485948,444.123565,9030.512492
1241.533170,842.705048,518.144159,9474.636058
1241.533489,766.095498,370.102971,9252.574275
1241.533808,689.485948,444.123565,9178.553681
1241.534126,919.314598,370.102971,9326.594869
1241.534445,536.266849,296.082377,9400.615463
1241.534764,689.485948,370.102971,9400.615463
1241.535083,612.876398,370.102971,9326.594869
1241.535402,306.438199,148.041188,9178.553681
1241.535720,459.657299,-148.041188,9252.574275
1241.536039,459.657299,222.061783,9400.615463
1241.536358,229.828649,296.082377,9474.636058
1241.536677,459.657299,-0.000000,9178.553681
1241.536996,229.828649,-0.000000,9474.636058
1241.537314,306.438199,222.061783,9474.636058
1241.537633,229.828649,222.061783,9326.594869
1241.537952,229.828649,296.082377,9252.574275
1241.538271,229.828649,-0.000000,9104.533087
1241.538590,229.828649,222.061783,9030.512492
1241.538908,459.657299,296.082377,8956.491898
1241.539227,229.828649,222.061783,9030.512492
1241.539546,306.438199,444.123565,9178.553681
1241.539865,153.219100,296.082377,9178.553681
1241.540184,229.828649,370.102971,9030.512492
1241.540502,459.657299,444.123565,9030.512492
1241.540821,459.657299,370.102971,9178.553681
1241.541140,229.828649,444.123565,9104.533087
1241.541459,459.657299,666.185348,9104.533087
1241.541778,612.876398,592.164754,9030.512492
1241.542096,766.095498,592.164754,9030.512492
1241.542415,612.876398,666.185348,8956.491898
1241.542734,612.876398,222.061783,8882.471304
1241.543053,536.266849,444.123565,9178.553681
1241.543371,612.876398,296.082377,9030.512492
1241.543690,919.314598,444.123565,8882.471304
1241.544009,612.876398,296.082377,9252.574275
1241.544328,689.485948,296.082377,9030.512492
1241.544647,459.657299,-0.000000,9030.512492
1241.544965,383.047749,370.102971,9104.533087
1241.545284,306.438199,444.123565,9400.615463
1241.545603,229.828649,-0.000000,9178.553681
1241.545922,0.000000,-0.000000,9252.574275
1241.546241,0.000000,370.102971,9474.636058
1241.546559,-383.047749,-0.000000,9474.636058
1241.546878,229.828649,222.061783,9474.636058
1241.547197,0.000000,296.082377,9474.636058
1241.547516,-153.219100,222.061783,9770.718434
1241.547835,153.219100,370.102971,9400.615463
1241.548153,153.219100,518.144159,9326.594869
1241.548472,306.438199,444.123565,9474.636058
1241.548791,229.828649,518.144159,9400.615463
1241.549110,459.657299,-222.061783,9400.615463
1241.549429,229.828649,592.164754,9474.636058
1241.549747,76.609550,666.185348,9252.574275
1241.550066,383.047749,666.185348,9252.574275
1241.550385,612.876398,740.205942,9252.574275
1241.550704,459.657299,666.185348,9548.656652
1241.551023,383.047749,518.144159,9400.615463
1241.551341,842.705048,592.164754,9400.615463
1241.551660,919.314598,666.185348,9474.636058
1241.551979,229.828649,370.102971,9474.636058
1241.552298,842.705048,740.205942,9696.697840
1241.552617,995.924147,518.144159,9400.615463
1241.552935,919.314598,370.102971,9104.533087
1241.553254,919.314598,666.185348,9474.636058
1241.553573,689.485948,296.082377,9252.574275
1241.553892,842.705048,370.102971,9252.574275
1241.554211,842.705048,296.082377,9326.594869
1241.554529,919.314598,296.082377,9400.615463
1241.554848,766.095498,222.061783,9400.615463
1241.555167,459.657299,222.061783,9474.636058
1241.555486,536.266849,-0.000000,9696.697840
1241.555804,536.266849,-0.000000,9474.636058
1241.556123,612.876398,-0.000000,9474.636058
1241.556442,306.438199,-0.000000,9474.636058
1241.556761,459.657299,-296.082377,9252.574275
1241.557080,459.657299,-74.020594,9548.656652
1241.557398,612.876398,-0.000000,9326.594869
1241.557717,383.047749,222.061783,9326.594869
1241.558036,459.657299,-0.000000,9400.615463
1241.558355,536.266849,-74.020594,9400.615463
1241.558674,459.657299,296.082377,9252.574275
1241.558992,229.828649,222.061783,9400.615463
1241.559311,153.219100,148.041188,9178.553681
1241.559630,153.219100,148.041188,9178.553681
1241.559949,153.219100,444.123565,9474.636058
1241.560268,0.000000,296.082377,8956.491898
1241.560586,153.219100,222.061783,9104.533087
1241.560905,153.219100,222.061783,8956.491898
1241.561224,612.876398,592.164754,8956.491898
1241.561543,76.609550,296.082377,9030.512492
1241.561862,612.876398,518.144159,8734.430116
1241.562180,459.657299,592.164754,9030.512492
1241.562499,689.485948,592.164754,8882.471304
1241.562818,766.095498,814.226536,9030.512492
1241.563137,612.876398,592.164754,8882.471304
1241.563456,536.266849,666.185348,9030.512492
1241.563774,766.095498,518.144159,8882.471304
1241.564093,842.705048,370.102971,8882.471304
1241.564412,612.876398,518.144159,9178.553681
1241.564731,842.705048,148.041188,8734.430116
1241.565050,612.876398,296.082377,8882.471304
1241.565368,536.266849,296.082377,9104.533087
1241.565687,229.828649,-0.000000,9326.594869
1241.566006,536.266849,296.082377,9474.636058
1241.566325,459.657299,444.123565,9252.574275
1241.566644,383.047749,296.082377,9252.574275
1241.566962,306.438199,296.082377,9400.615463
1241.567281,459.657299,222.061783,9474.636058
1241.567600,306.438199,296.082377,9622.677246
1241.567919,459.657299,370.102971,9474.636058
1241.568237,0.000000,222.061783,9474.636058
1241.568556,306.438199,370.102971,9474.636058
1241.568875,153.219100,370.102971,9474.636058
1241.569194,76.609550,444.123565,9696.697840
1241.569513,229.828649,518.144159,9326.594869
1241.569831,229.828649,814.226536,9474.636058
1241.570150,76.609550,592.164754,9474.636058
1241.570469,229.828649,518.144159,9622.677246
1241.570788,306.438199,444.123565,9326.594869
1241.571107,153.219100,592.164754,9474.636058
1241.571425,842.705048,666.185348,9178.553681
1241.571744,689.485948,666.185348,9474.636058
1241.572063,766.095498,888.247130,9474.636058
1241.572382,842.705048,666.185348,9104.533087
1241.572701,919.314598,666.185348,9104.533087
1241.573019,995.924147,740.205942,9104.533087
1241.573338,689.485948,444.123565,9178.553681
1241.573657,842.705048,518.144159,9252.574275
1241.573976,766.095498,444.123565,9252.574275
1241.574295,689.485948,370.102971,9400.615463
1241.574613,689.485948,-0.000000,9474.636058
1241.574932,842.705048,592.164754,9844.739029
1241.575251,306.438199,-222.061783,9474.636058
1241.575570,766.095498,222.061783,9474.636058
1241.575889,229.828649,148.041188,9474.636058
1241.576207,766.095498,-0.000000,9400.615463
1241.576526,766.095498,-74.020594,9178.553681
1241.576845,459.657299,-0.000000,9326.594869
1241.577164,306.438199,-0.000000,9326.594869
1241.577483,689.485948,-74.020594,9400.615463
1241.577801,229.828649,-0.000000,9252.574275
1241.578120,76.609550,-0.000000,9326.594869
1241.578439,612.876398,148.041188,9252.574275
1241.578758,306.438199,148.041188,9178.553681
1241.579077,76.609550,-0.000000,9326.594869
1241.579395,383.047749,-0.000000,9400.615463
1241.579714,153.219100,-0.000000,9326.594869
1241.580033,76.609550,296.082377,9252.574275
1241.580352,229.828649,296.082377,9326.594869
1241.580670,76.609550,296.082377,9104.533087
1241.580989,306.438199,222.061783,8956.491898
1241.581308,306.438199,296.082377,8586.388927
1241.581627,612.876398,518.144159,8882.471304
1241.581946,153.219100,370.102971,8882.471304
1241.582264,459.657299,518.144159,8956.491898
1241.582583,536.266849,518.144159,9178.553681
1241.582902,459.657299,370.102971,9030.512492
1241.583221,306.438199,518.144159,9030.512492
1241.583540,383.047749,296.082377,8956.491898
1241.583858,383.047749,444.123565,9030.512492
1241.584177,536.266849,592.164754,9252.574275
1241.584496,612.876398,444.123565,8956.491898
1241.584815,306.438199,148.041188,9104.533087
1241.585133,536.266849,370.102971,9326.594869
1241.585452,459.657299,444.123565,9326.594869
1241.585771,383.047749,222.061783,9252.574275
1241.586090,536.266849,518.144159,9326.594869
1241.586408,306.438199,444.123565,9252.574275
1241.586727,612.876398,296.082377,9252.574275
1241.587046,383.047749,370.102971,9178.553681
1241.587365,383.047749,-148.041188,8956.491898
1241.587684,306.438199,666.185348,9400.615463
1241.588002,76.609550,370.102971,9474.636058
1241.588321,229.828649,370.102971,9326.594869
1241.588640,153.219100,370.102971,9400.615463
1241.588959,306.438199,518.144159,9474.636058
1241.589277,76.609550,592.164754,9474.636058
1241.589596,0.000000,592.164754,9474.636058
1241.589915,0.000000,518.144159,9548.656652
1241.590234,76.609550,1036.288319,9622.677246
1241.590553,229.828649,814.226536,9252.574275
1241.590871,229.828649,592.164754,9622.677246
1241.591190,536.266849,666.185348,9326.594869
1241.591509,459.657299,666.185348,9326.594869
1241.591828,995.924147,740.205942,9104.533087
1241.592146,919.314598,740.205942,9326.594869
1241.592465,919.314598,740.205942,9474.636058
1241.592784,766.095498,666.185348,9326.594869
1241.593103,766.095498,666.185348,9400.615463
1241.593421,766.095498,740.205942,9474.636058
1241.593740,919.314598,666.185348,9400.615463
1241.594059,612.876398,444.123565,9400.615463
1241.594378,842.705048,296.082377,9400.615463
1241.594697,536.266849,370.102971,9400.615463
1241.595015,459.657299,222.061783,9400.615463
1241.595334,459.657299,222.061783,9326.594869
1241.595653,536.266849,-0.000000,9326.594869
1241.595972,459.657299,148.041188,9400.615463
1241.596290,306.438199,222.061783,9252.574275
1241.596609,689.485948,-0.000000,9622.677246
1241.596928,153.219100,296.082377,9252.574275
1241.597247,612.876398,222.061783,9252.574275
1241.597565,229.828649,-0.000000,9400.615463
1241.597884,-306.438199,-0.000000,9252.574275
1241.598203,229.828649,-0.000000,9400.615463
1241.598522,76.609550,148.041188,9474.636058
1241.598841,0.000000,-0.000000,9400.615463
1241.599159,229.828649,148.041188,9178.553681
1241.599478,0.000000,-0.000000,9178.553681
1241.599797,153.219100,-0.000000,9400.615463
1241.600116,0.000000,222.061783,9104.533087
1241.600434,76.609550,296.082377,9178.553681
1241.600753,0.000000,444.123565,8956.491898
1241.601072,689.485948,-0.000000,9326.594869
1241.601391,306.438199,444.123565,9030.512492
1241.601709,459.657299,592.164754,8808.450710
1241.602028,459.657299,518.144159,8882.471304
1241.602347,536.266849,-0.000000,8808.450710
1241.602666,842.705048,296.082377,9178.553681
1241.602985,766.095498,666.185348,8808.450710
1241.603303,459.657299,296.082377,9030.512492
1241.603622,383.047749,296.082377,9030.512492
1241.603941,689.485948,370.102971,9326.594869
1241.604260,459.657299,222.061783,9178.553681
1241.604578,536.266849,370.102971,9104.533087
1241.604897,459.657299,148.041188,8882.471304
1241.605216,612.876398,666.185348,9400.615463
1241.605535,766.095498,370.102971,9104.533087
1241.605853,612.876398,148.041188,9252.574275
1241.606172,766.095498,296.082377,9400.615463
1241.606491,536.266849,222.061783,9252.574275
1241.606810,1072.533697,-0.000000,9474.636058
1241.607129,689.485948,-0.000000,9252.574275
1241.607447,459.657299,222.061783,9474.636058
1241.607766,383.047749,-0.000000,9474.636058
1241.608085,459.657299,222.061783,9474.636058
1241.608404,536.266849,148.041188,9548.656652
1241.608722,536.266849,-0.000000,9400.615463
1241.609041,153.219100,296.082377,9474.636058
1241.609360,306.438199,296.082377,9474.636058
1241.609679,383.047749,592.164754,9474.636058
1241.609998,612.876398,370.102971,9770.718434
1241.610316,689.485948,740.205942,9252.574275
1241.610635,383.047749,518.144159,9474.636058
1241.610954,306.438199,814.226536,9474.636058
1241.611273,766.095498,370.102971,9400.615463
1241.611591,536.266849,666.185348,9252.574275
1241.611910,842.705048,666.185348,9400.615463
1241.612229,842.705048,666.185348,9178.553681
1241.612548,766.095498,814.226536,9104.533087
1241.612866,612.876398,814.226536,9326.594869
1241.613185,766.095498,814.226536,9400.615463
1241.613504,536.266849,444.123565,9400.615463
1241.613823,459.657299,592.164754,9252.574275
1241.614142,383.047749,592.164754,9326.594869
1241.614460,919.314598,666.185348,9474.636058
1241.614779,306.438199,296.082377,9400.615463
1241.615098,689.485948,518.144159,9326.594869
1241.615417,383.047749,518.144159,9400.615463
1241.615735,306.438199,444.123565,9252.574275
1241.616054,536.266849,444.123565,9326.594869
1241.616373,383.047749,518.144159,9474.636058
1241.616692,536.266849,444.123565,9178.553681
1241.617010,153.219100,148.041188,9400.615463
1241.617329,306.438199,-0.000000,9326.594869
1241.617648,229.828649,-0.000000,9326.594869
1241.617967,153.219100,148.041188,9474.636058
1241.618286,306.438199,-0.000000,9400.615463
1241.618604,153.219100,222.061783,9474.636058
1241.618923,153.219100,296.082377,9326.594869
1241.619242,919.314598,-0.000000,9252.574275
1241.619561,383.047749,148.041188,9400.615463
1241.619879,459.657299,222.061783,9178.553681
1241.620198,153.219100,370.102971,9474.636058
1241.620517,536.266849,-74.020594,9104.533087
1241.620836,536.266849,444.123565,9252.574275
1241.621154,612.876398,370.102971,9104.533087
1241.621473,383.047749,444.123565,9178.553681
1241.621792,842.705048,370.102971,9104.533087
1241.622111,383.047749,296.082377,9030.512492
1241.622430,536.266849,444.123565,9104.533087
1241.622748,842.705048,666.185348,9178.553681
1241.623067,842.705048,370.102971,9178.553681
1241.623386,536.266849,296.082377,9030.512492
1241.623705,995.924147,740.205942,8956.491898
1241.624023,919.314598,296.082377,9030.512492
1241.624342,919.314598,296.082377,9030.512492
1241.624661,842.705048,148.041188,9030.512492
1241.624980,612.876398,148.041188,9030.512492
1241.625299,919.314598,296.082377,9178.553681
1241.625617,689.485948,-0.000000,8956.491898
1241.625936,612.876398,74.020594,9252.574275
1241.626255,612.876398,-0.000000,9030.512492
1241.626574,1149.143247,222.061783,9178.553681
1241.626892,612.876398,-0.000000,9178.553681
1241.627211,229.828649,-0.000000,9400.615463
1241.627530,383.047749,148.041188,9474.636058
1241.627849,153.219100,-0.000000,9400.615463
1241.628167,0.000000,-222.061783,9474.636058
1241.628486,153.219100,-0.000000,9400.615463
1241.628805,459.657299,222.061783,9030.512492
1241.629124,76.609550,296.082377,9400.615463
1241.629443,229.828649,148.041188,9326.594869
1241.629761,842.705048,518.144159,9104.533087
1241.630080,153.219100,592.164754,9252.574275
1241.630399,153.219100,370.102971,9178.553681
1241.630718,229.828649,370.102971,9252.574275
1241.631036,306.438199,518.144159,9326.594869
1241.631355,0.000000,666.185348,9400.615463
1241.631674,0.000000,518.144159,9178.553681
1241.631993,612.876398,592.164754,9178.553681
1241.632311,229.828649,740.205942,9474.636058
1241.632630,536.266849,592.164754,8956.491898
1241.632949,536.266849,962.267725,9326.594869
1241.633268,459.657299,518.144159,8956.491898
1241.633587,689.485948,666.185348,9252.574275
1241.633905,689.485948,592.164754,9252.574275
1241.634224,1149.143247,666.185348,9474.636058
1241.634543,689.485948,592.164754,9178.553681
1241.634862,766.095498,518.144159,9252.574275
1241.635180,842.705048,592.164754,9400.615463
1241.635499,766.095498,666.185348,9400.615463
1241.635818,995.924147,370.102971,9474.636058
1241.636137,766.095498,518.144159,9474.636058
1241.636455,612.876398,296.082377,9474.636058
1241.636774,383.047749,296.082377,9474.636058
1241.637093,459.657299,370.102971,9474.636058
1241.637412,153.219100,222.061783,9252.574275
1241.637731,383.047749,370.102971,9400.615463
1241.638049,383.047749,296.082377,9474.636058
1241.638368,612.876398,-0.000000,9326.594869
1241.638687,229.828649,370.102971,9844.739029
1241.639006,153.219100,296.082377,9474.636058
1241.639324,76.609550,148.041188,9400.615463
1241.639643,306.438199,370.102971,9178.553681
1241.639962,153.219100,518.144159,9252.574275
1241.640281,383.047749,444.123565,9474.636058
1241.640599,459.657299,444.123565,9326.594869
1241.640918,383.047749,296.082377,9252.574275
1241.641237,229.828649,222.061783,9178.553681
1241.641556,842.705048,370.102971,9252.574275
1241.641875,459.657299,592.164754,9252.574275
1241.642193,383.047749,592.164754,8956.491898
1241.642512,459.657299,518.144159,9178.553681
1241.642831,842.705048,444.123565,8956.491898
1241.643150,612.876398,-0.000000,9252.574275
1241.643468,459.657299,518.144159,9030.512492
1241.643787,383.047749,222.061783,9030.512492
1241.644106,153.219100,444.123565,9178.553681
1241.644425,383.047749,296.082377,9104.533087
1241.644744,536.266849,370.102971,9178.553681
1241.645062,153.219100,370.102971,9104.533087
1241.645381,76.609550,444.123565,9178.553681
1241.645700,229.828649,148.041188,9104.533087
1241.646019,306.438199,148.041188,9178.553681
1241.646337,459.657299,296.082377,9400.615463
1241.646656,383.047749,222.061783,9252.574275
1241.646975,459.657299,296.082377,9104.533087
1241.647294,76.609550,518.144159,9252.574275
1241.647612,536.266849,370.102971,9104.533087
1241.647931,229.828649,222.061783,9178.553681
1241.648250,536.266849,370.102971,9326.594869
1241.648569,383.047749,-0.000000,9104.533087
1241.648888,229.828649,148.041188,9252.574275
1241.649206,229.828649,222.061783,9326.594869
1241.649525,383.047749,296.082377,9252.574275
1241.649844,459.657299,222.061783,8956.491898
1241.650163,153.219100,444.123565,9400.615463
1241.650481,383.047749,444.123565,9400.615463
1241.650800,153.219100,592.164754,9474.636058
1241.651119,383.047749,518.144159,9474.636058
1241.651438,306.438199,370.102971,9252.574275
1241.651756,383.047749,518.144159,9400.615463
1241.652075,612.876398,370.102971,9326.594869
1241.652394,766.095498,592.164754,9178.553681
1241.652713,459.657299,518.144159,9178.553681
1241.653032,459.657299,592.164754,9178.553681
1241.653350,842.705048,444.123565,9178.553681
1241.653669,842.705048,666.185348,9326.594869
1241.653988,919.314598,296.082377,9104.533087
1241.654307,689.485948,296.082377,9104.533087
1241.654625,919.314598,592.164754,9252.574275
1241.654944,689.485948,370.102971,9474.636058
1241.655263,536.266849,296.082377,9400.615463
1241.655582,612.876398,370.102971,9548.656652
1241.655900,229.828649,296.082377,9400.615463
1241.656219,383.047749,222.061783,9474.636058
1241.656538,459.657299,296.082377,9474.636058
1241.656857,689.485948,-0.000000,9474.636058
1241.657176,383.047749,222.061783,9252.574275
1241.657494,536.266849,222.061783,9474.636058
1241.657813,383.047749,222.061783,9252.574275
1241.658132,459.657299,296.082377,9326.594869
1241.658451,536.266849,222.061783,9474.636058
1241.658769,306.438199,222.061783,9326.594869
1241.659088,383.047749,296.082377,9326.594869
1241.659407,76.609550,-0.000000,9326.594869
1241.659726,0.000000,370.102971,9474.636058
1241.660045,383.047749,-0.000000,9400.615463
1241.660363,306.438199,296.082377,9400.615463
1241.660682,229.828649,-0.000000,9326.594869
1241.661001,536.266849,444.123565,9104.533087
1241.661320,306.438199,370.102971,9178.553681
1241.661638,459.657299,370.102971,9178.553681
1241.661957,612.876398,666.185348,9104.533087
1241.662276,842.705048,370.102971,8956.491898
1241.662595,536.266849,444.123565,8734.430116
1241.662913,1225.752797,444.123565,9178.553681
1241.663232,766.095498,518.144159,8882.471304
1241.663551,536.266849,518.144159,8808.450710
1241.663870,536.266849,370.102971,9252.574275
1241.664189,612.876398,222.061783,9178.553681
1241.664507,459.657299,370.102971,9178.553681
1241.664826,229.828649,222.061783,9326.594869
1241.665145,229.828649,148.041188,9326.594869
1241.665464,76.609550,296.082377,9252.574275
1241.665782,306.438199,-0.000000,9326.594869
1241.666101,153.219100,296.082377,9400.615463
1241.666420,383.047749,296.082377,9252.574275
1241.666739,459.657299,222.061783,9104.533087
1241.667057,229.828649,296.082377,8882.471304
1241.667376,612.876398,-74.020594,9252.574275
1241.667695,153.219100,-0.000000,9178.553681
1241.668014,459.657299,222.061783,8956.491898
1241.668333,383.047749,370.102971,9252.574275
1241.668651,536.266849,74.020594,9104.533087
1241.668970,153.219100,296.082377,9326.594869
1241.669289,459.657299,148.041188,9400.615463
1241.669608,229.828649,444.123565,9400.615463
1241.669926,229.828649,592.164754,9400.615463
1241.670245,0.000000,296.082377,9400.615463
1241.670564,0.000000,148.041188,9474.636058
1241.670883,612.876398,740.205942,9474.636058
1241.671201,766.095498,296.082377,9548.656652
1241.671520,842.705048,518.144159,9548.656652
1241.671839,1225.752797,222.061783,9326.594869
1241.672158,1532.190996,370.102971,9400.615463
1241.672477,2145.067394,296.082377,9252.574275
1241.672795,2221.676944,296.082377,9252.574275
1241.673114,2451.505594,-0.000000,9252.574275
1241.673433,2451.505594,74.020594,9252.574275
1241.673752,2757.943793,-0.000000,8956.491898
1241.674070,2374.896044,-74.020594,9400.615463
1241.674389,2834.553343,-74.020594,9252.574275
1241.674708,2451.505594,-518.144159,9474.636058
1241.675027,2451.505594,-888.247130,9474.636058
1241.675345,2374.896044,-814.226536,9474.636058
1241.675664,2068.457845,-888.247130,9622.677246
1241.675983,2451.505594,-1110.308913,9622.677246
1241.676302,1915.238745,-1184.329507,9696.697840
1241.676621,2221.676944,-1628.453072,9622.677246
1241.676939,2221.676944,-1628.453072,9474.636058
1241.677258,2374.896044,-1628.453072,9474.636058
1241.677577,2221.676944,-1702.473667,9400.615463
1241.677896,1838.629195,-1554.432478,9252.574275
1241.678214,1455.581446,-1702.473667,9178.553681
1241.678533,1608.800546,-1628.453072,9030.512492
1241.678852,1149.143247,-1776.494261,8808.450710
1241.679171,842.705048,-2220.617826,9030.512492
1241.679490,459.657299,-2146.597232,9104.533087
1241.679808,0.000000,-1702.473667,9030.512492
1241.680127,-153.219100,-1702.473667,8660.409521
1241.680446,-459.657299,-1850.514855,8956.491898
1241.680765,-689.485948,-1480.411884,8734.430116
1241.681083,0.000000,-1332.370696,8142.265362
1241.681402,-383.047749,-962.267725,8438.347739
1241.681721,-229.828649,-666.185348,8586.388927
1241.682040,0.000000,-814.226536,8438.347739
1241.682358,153.219100,-740.205942,8586.388927
1241.682677,76.609550,-888.247130,8438.347739
1241.682996,689.485948,-592.164754,8808.450710
1241.683315,1225.752797,-296.082377,8364.327145
1241.683634,1378.971896,-222.061783,8660.409521
1241.683952,1838.629195,-444.123565,8734.430116
1241.684271,2145.067394,-444.123565,8512.368333
1241.684590,2374.896044,-222.061783,8586.388927
1241.684909,2604.724693,-296.082377,8586.388927
1241.685228,2451.505594,-0.000000,8660.409521
1241.685546,2374.896044,148.041188,8808.450710
1241.685865,2911.162892,222.061783,8660.409521
1241.686184,2757.943793,-0.000000,8808.450710
1241.686503,2911.162892,370.102971,9104.533087
1241.686822,2604.724693,-0.000000,9252.574275
1241.687140,3140.991542,-370.102971,9178.553681
1241.687459,2451.505594,-0.000000,9474.636058
1241.687778,2298.286494,-0.000000,9844.739029
1241.688097,2145.067394,-0.000000,9844.739029
1241.688416,1838.629195,-0.000000,10066.800811
1241.688735,2145.067394,-74.020594,9992.780217
1241.689053,1532.190996,-0.000000,10362.883188
1241.689372,842.705048,-0.000000,10066.800811
1241.689691,459.657299,-222.061783,9992.780217
1241.690010,153.219100,-0.000000,9844.739029
1241.690329,0.000000,222.061783,9992.780217
1241.690648,0.000000,370.102971,9770.718434
1241.690966,-383.047749,740.205942,9696.697840
1241.691285,-536.266849,814.226536,9474.636058
1241.691604,-612.876398,1036.288319,9474.636058
1241.691923,-689.485948,888.247130,9400.615463
1241.692242,-842.705048,1036.288319,9474.636058
1241.692560,-919.314598,962.267725,9474.636058
1241.692879,-1302.362347,888.247130,9696.697840
1241.693198,-1225.752797,814.226536,9548.656652
1241.693517,-1302.362347,1258.350101,9844.739029
1241.693836,-919.314598,1332.370696,9770.718434
1241.694155,-1072.533697,1332.370696,9622.677246
1241.694473,-766.095498,1332.370696,9622.677246
1241.694792,-229.828649,1332.370696,9474.636058
1241.695111,0.000000,1406.391290,9400.615463
1241.695430,306.438199,1110.308913,9474.636058
1241.695749,766.095498,1332.370696,9178.553681
1241.696067,1149.143247,814.226536,9400.615463
1241.696386,1302.362347,814.226536,9104.533087
1241.696705,2068.457845,666.185348,9178.553681
1241.697024,2221.676944,740.205942,9104.533087
1241.697343,2604.724693,666.185348,9252.574275
1241.697662,2451.505594,370.102971,9474.636058
1241.697980,2528.115143,518.144159,9548.656652
1241.698299,2681.334243,370.102971,9474.636058
1241.698618,2604.724693,296.082377,9548.656652
1241.698937,2528.115143,222.061783,9622.677246
1241.699256,3064.381992,-0.000000,9992.780217
1241.699575,2221.676944,-0.000000,9622.677246
1241.699893,2604.724693,-148.041188,9696.697840
1241.700212,2374.896044,-222.061783,9770.718434
1241.700531,2451.505594,-370.102971,9696.697840
1241.700850,2145.067394,-518.144159,9474.636058
1241.701169,1991.848295,-444.123565,9474.636058
1241.701487,1302.362347,-296.082377,9326.594869
1241.701806,1302.362347,-444.123565,9326.594869
1241.702125,766.095498,-518.144159,9104.533087
1241.702444,153.219100,-518.144159,9104.533087
1241.702763,-459.657299,-814.226536,9104.533087
1241.703082,-536.266849,-814.226536,9178.553681
1241.703400,-1455.581446,-888.247130,9178.553681
1241.703719,-1378.971896,-1110.308913,9178.553681
1241.704038,-1915.238745,-888.247130,9104.533087
1241.704357,-1915.238745,-740.205942,9104.533087
1241.704676,-2145.067394,-444.123565,9178.553681
1241.704994,-1915.238745,-518.144159,9030.512492
1241.705313,-1685.410096,-444.123565,8586.388927
1241.705632,-1991.848295,-370.102971,8586.388927
1241.705951,-1532.190996,-296.082377,8586.388927
1241.706270,-1378.971896,-74.020594,8660.409521
1241.706589,-995.924147,-148.041188,8734.430116
1241.706907,-612.876398,148.041188,8586.388927
1241.707226,-459.657299,-74.020594,8586.388927
1241.707545,0.000000,-0.000000,8586.388927
1241.707864,76.609550,-0.000000,8734.430116
1241.708183,0.000000,-296.082377,8586.388927
1241.708502,842.705048,222.061783,8882.471304
1241.708820,1149.143247,-0.000000,8956.491898
1241.709139,1532.190996,-0.000000,8734.430116
1241.709458,1762.019645,148.041188,8882.471304
1241.709777,2221.676944,-0.000000,8956.491898
1241.710096,2068.457845,370.102971,9104.533087
1241.710414,2374.896044,222.061783,8882.471304
1241.710733,2451.505594,370.102971,8956.491898
1241.711052,2604.724693,666.185348,8956.491898
1241.711371,3064.381992,518.144159,8956.491898
1241.711690,3140.991542,740.205942,9252.574275
1241.712009,2451.505594,444.123565,9030.512492
1241.712327,2374.896044,666.185348,9326.594869
1241.712646,2145.067394,666.185348,9326.594869
1241.712965,2068.457845,518.144159,9474.636058
1241.713284,1455.581446,666.185348,9474.636058
1241.713603,1225.752797,666.185348,9474.636058
1241.713922,842.705048,740.205942,9474.636058
1241.714240,842.705048,444.123565,9622.677246
1241.714559,612.876398,888.247130,9696.697840
1241.714878,76.609550,666.185348,9548.656652
1241.715197,-383.047749,666.185348,9622.677246
1241.715516,-536.266849,962.267725,9622.677246
1241.715834,-536.266849,592.164754,9548.656652
1241.716153,-689.485948,814.226536,9622.677246
1241.716472,-459.657299,814.226536,9548.656652
1241.716791,-383.047749,1184.329507,9548.656652
1241.717110,-689.485948,1036.288319,9474.636058
1241.717429,-459.657299,888.247130,9696.697840
1241.717747,-612.876398,888.247130,9770.718434
1241.718066,0.000000,814.226536,9696.697840
1241.718385,-383.047749,888.247130,9548.656652
1241.718704,0.000000,740.205942,9548.656652
1241.719023,76.609550,518.144159,9548.656652
1241.719341,306.438199,666.185348,9622.677246
1241.719660,229.828649,296.082377,9548.656652
1241.719979,459.657299,148.041188,9474.636058
1241.720298,919.314598,370.102971,9696.697840
1241.720617,842.705048,444.123565,9622.677246
1241.720936,842.705048,296.082377,9474.636058
1241.721254,919.314598,296.082377,9400.615463
1241.721573,919.314598,296.082377,9326.594869
1241.721892,766.095498,-0.000000,9178.553681
1241.722211,1225.752797,370.102971,9252.574275
1241.722530,995.924147,148.041188,9178.553681
1241.722849,919.314598,222.061783,9178.553681
1241.723167,1072.533697,148.041188,9178.553681
1241.723486,919.314598,-0.000000,9178.553681
1241.723805,766.095498,370.102971,9104.533087
1241.724124,612.876398,296.082377,9252.574275
1241.724443,383.047749,518.144159,9030.512492
1241.724761,383.047749,222.061783,8956.491898
1241.725080,459.657299,222.061783,8956.491898
1241.725399,383.047749,222.061783,8882.471304
1241.725718,383.047749,-0.000000,8734.430116
1241.726037,612.876398,296.082377,8808.450710
1241.726356,229.828649,296.082377,8808.450710
1241.726674,229.828649,222.061783,8882.471304
1241.726993,153.219100,296.082377,8808.450710
1241.727312,229.828649,222.061783,8734.430116
1241.727631,-153.219100,148.041188,9030.512492
1241.727950,383.047749,-0.000000,8586.388927
1241.728268,383.047749,222.061783,8956.491898
1241.728587,306.438199,148.041188,8882.471304
1241.728906,306.438199,-0.000000,8808.450710
1241.729225,689.485948,-0.000000,8808.450710
1241.729544,383.047749,222.061783,9252.574275
1241.729863,612.876398,222.061783,8956.491898
1241.730181,536.266849,148.041188,9178.553681
1241.730500,383.047749,222.061783,9104.533087
1241.730819,766.095498,-0.000000,9252.574275
1241.731138,612.876398,-74.020594,9326.594869
1241.731457,689.485948,-0.000000,9326.594869
1241.731776,536.266849,-0.000000,9474.636058
1241.732094,536.266849,-74.020594,9474.636058
1241.732413,383.047749,-370.102971,9400.615463
1241.732732,536.266849,-0.000000,9326.594869
1241.733051,306.438199,-0.000000,9474.636058
1241.733370,153.219100,148.041188,9474.636058
1241.733688,306.438199,-0.000000,9400.615463
1241.734007,76.609550,444.123565,9548.656652
1241.734326,76.609550,444.123565,9474.636058
1241.734645,0.000000,444.123565,9474.636058
1241.734964,0.000000,518.144159,9548.656652
1241.735283,0.000000,666.185348,9400.615463
1241.735601,-229.828649,888.247130,9474.636058
1241.735920,-306.438199,1036.288319,9474.636058
1241.736239,0.000000,962.267725,9548.656652
1241.736558,-229.828649,1036.288319,9474.636058
1241.736877,-76.609550,1184.329507,9474.636058
1241.737195,76.609550,1184.329507,9474.636058
1241.737514,0.000000,1110.308913,9474.636058
1241.737833,229.828649,1554.432478,9326.594869
1241.738152,306.438199,1406.391290,9104.533087
1241.738471,612.876398,1258.350101,9474.636058
1241.738790,459.657299,1406.391290,9252.574275
1241.739108,689.485948,1332.370696,9326.594869
1241.739427,612.876398,1036.288319,9474.636058
1241.739746,459.657299,1258.350101,9104.533087
1241.740065,612.876398,1184.329507,9400.615463
1241.740384,842.705048,1332.370696,9326.594869
1241.740703,383.047749,1036.288319,9474.636058
1241.741021,612.876398,962.267725,9474.636058
1241.741340,919.314598,888.247130,9474.636058
1241.741659,842.705048,814.226536,9474.636058
1241.741978,689.485948,666.185348,9326.594869
1241.742297,842.705048,740.205942,9474.636058
1241.742615,536.266849,592.164754,9326.594869
1241.742934,689.485948,444.123565,9030.512492
1241.743253,536.266849,592.164754,9400.615463
1241.743572,306.438199,666.185348,9252.574275
1241.743891,306.438199,444.123565,9326.594869
1241.744210,383.047749,518.144159,9400.615463
1241.744528,766.095498,148.041188,9400.615463
1241.744847,383.047749,370.102971,9326.594869
1241.745166,383.047749,518.144159,9326.594869
1241.745485,229.828649,-0.000000,9178.553681
1241.745804,153.219100,148.041188,9178.553681
1241.746123,0.000000,74.020594,9104.533087
1241.746441,306.438199,444.123565,8956.491898
1241.746760,153.219100,518.144159,9400.615463
1241.747079,383.047749,296.082377,9104.533087
1241.747398,383.047749,370.102971,9104.533087
1241.747717,459.657299,370.102971,9178.553681
1241.748035,459.657299,222.061783,8956.491898
1241.748354,766.095498,-0.000000,8956.491898
1241.748673,689.485948,296.082377,8956.491898
1241.748992,459.657299,-0.000000,8734.430116
1241.749311,766.095498,148.041188,8660.409521
1241.749630,1149.143247,296.082377,8734.430116
1241.749948,842.705048,296.082377,8956.491898
1241.750267,995.924147,370.102971,9030.512492
1241.750586,766.095498,-0.000000,9178.553681
1241.750905,689.485948,-0.000000,9178.553681
1241.751224,766.095498,-222.061783,9252.574275
1241.751542,766.095498,-222.061783,9178.553681
1241.751861,536.266849,-74.020594,9252.574275
1241.752180,689.485948,-296.082377,9104.533087
1241.752499,612.876398,-222.061783,9252.574275
1241.752818,459.657299,-74.020594,9474.636058
1241.753137,612.876398,-370.102971,9400.615463
1241.753455,306.438199,-222.061783,9474.636058
1241.753774,536.266849,-296.082377,9178.553681
1241.754093,0.000000,-0.000000,9326.594869
1241.754412,-76.609550,148.041188,9474.636058
1241.754731,-306.438199,148.041188,9474.636058
1241.755050,-536.266849,-0.000000,9400.615463
1241.755368,-459.657299,-0.000000,9400.615463
1241.755687,-153.219100,-0.000000,9400.615463
1241.756006,-612.876398,222.061783,9178.553681
1241.756325,-383.047749,222.061783,9400.615463
1241.756644,-153.219100,518.144159,9252.574275
1241.756962,-229.828649,814.226536,9400.615463
1241.757281,-153.219100,740.205942,9400.615463
1241.757600,-153.219100,740.205942,9252.574275
1241.757919,0.000000,1184.329507,9400.615463
1241.758238,0.000000,1184.329507,9400.615463
1241.758557,153.219100,1258.350101,9178.553681
1241.758875,536.266849,1258.350101,9104.533087
1241.759194,459.657299,1184.329507,9104.533087
1241.759513,536.266849,1184.329507,9400.615463
1241.759832,842.705048,1332.370696,9030.512492
1241.760151,766.095498,1036.288319,9326.594869
1241.760469,995.924147,1332.370696,9252.574275
1241.760788,842.705048,1258.350101,9326.594869
1241.761107,1302.362347,1036.288319,9400.615463
1241.761426,842.705048,1110.308913,9252.574275
1241.761745,1072.533697,1036.288319,9474.636058
1241.762064,766.095498,740.205942,9252.574275
1241.762382,995.924147,740.205942,9326.594869
1241.762701,919.314598,740.205942,9474.636058
1241.763020,536.266849,888.247130,9474.636058
1241.763339,919.314598,740.205942,9400.615463
1241.763658,612.876398,592.164754,9400.615463
1241.763977,612.876398,666.185348,9474.636058
1241.764295,383.047749,370.102971,9474.636058
1241.764614,229.828649,296.082377,9548.656652
1241.764933,76.609550,444.123565,9548.656652
1241.765252,153.219100,296.082377,9474.636058
1241.765571,76.609550,148.041188,9696.697840
1241.765889,0.000000,-0.000000,9548.656652
1241.766208,76.609550,222.061783,9474.636058
1241.766527,-383.047749,296.082377,9474.636058
1241.766846,0.000000,148.041188,9400.615463
1241.767165,-383.047749,-0.000000,9104.533087
1241.767484,0.000000,222.061783,9326.594869
1241.767802,76.609550,-0.000000,9252.574275
1241.768121,229.828649,-0.000000,9104.533087
1241.768440,306.438199,-0.000000,9104.533087
1241.768759,383.047749,148.041188,9252.574275
1241.769078,383.047749,296.082377,9104.533087
1241.769397,459.657299,-0.000000,8956.491898
1241.769715,689.485948,-0.000000,9030.512492
1241.770034,842.705048,-74.020594,9104.533087
1241.770353,689.485948,-0.000000,9030.512492
1241.770672,766.095498,-0.000000,8882.471304
1241.770991,766.095498,-74.020594,8882.471304
1241.771309,995.924147,-148.041188,9030.512492
1241.771628,1225.752797,-444.123565,8882.471304
1241.771947,689.485948,-296.082377,9178.553681
1241.772266,842.705048,-296.082377,9252.574275
1241.772585,1072.533697,-74.020594,8956.491898
1241.772904,842.705048,-296.082377,8956.491898
1241.773222,842.705048,-444.123565,8882.471304
1241.773541,995.924147,-370.102971,8882.471304
1241.773860,842.705048,-296.082377,9030.512492
1241.774179,612.876398,-222.061783,9030.512492
1241.774498,612.876398,-296.082377,9104.533087
1241.774816,306.438199,-0.000000,9104.533087
1241.775135,306.438199,-0.000000,9252.574275
1241.775454,306.438199,-296.082377,9178.553681
1241.775773,153.219100,-0.000000,9030.512492
1241.776092,229.828649,-0.000000,9252.574275
1241.776411,459.657299,370.102971,9326.594869
1241.776729,0.000000,-0.000000,9104.533087
1241.777048,76.609550,148.041188,9252.574275
1241.777367,76.609550,222.061783,9178.553681
1241.777686,0.000000,-0.000000,9252.574275
1241.778005,229.828649,518.144159,9252.574275
1241.778324,306.438199,666.185348,8956.491898
1241.778642,0.000000,740.205942,9252.574275
1241.778961,229.828649,740.205942,9252.574275
1241.779280,383.047749,814.226536,9474.636058
1241.779599,536.266849,814.226536,9104.533087
1241.779918,459.657299,814.226536,9252.574275
1241.780236,459.657299,888.247130,9252.574275
1241.780555,689.485948,962.267725,9474.636058
1241.780874,842.705048,1036.288319,9474.636058
1241.781193,689.485948,888.247130,9400.615463
1241.781512,766.095498,814.226536,9252.574275
1241.781831,689.485948,740.205942,9178.553681
1241.782149,995.924147,518.144159,9178.553681
1241.782468,919.314598,740.205942,9326.594869
1241.782787,612.876398,592.164754,9474.636058
1241.783106,612.876398,518.144159,9474.636058
1241.783425,766.095498,370.102971,9622.677246
1241.783743,842.705048,370.102971,9474.636058
1241.784062,536.266849,444.123565,9548.656652
1241.784381,383.047749,370.102971,9844.739029
1241.784700,459.657299,592.164754,9844.739029
1241.785019,383.047749,370.102971,9474.636058
1241.785338,612.876398,148.041188,9918.759623
1241.785656,459.657299,296.082377,9844.739029
1241.785975,153.219100,-0.000000,9474.636058
1241.786294,0.000000,222.061783,9548.656652
1241.786613,612.876398,370.102971,9770.718434
1241.786932,0.000000,370.102971,9548.656652
1241.787250,306.438199,222.061783,9474.636058
1241.787569,459.657299,222.061783,9474.636058
1241.787888,459.657299,296.082377,9400.615463
1241.788207,306.438199,148.041188,9474.636058
1241.788526,229.828649,296.082377,9326.594869
1241.788844,536.266849,370.102971,9178.553681
1241.789163,459.657299,-0.000000,9030.512492
1241.789482,689.485948,148.041188,9104.533087
1241.789801,612.876398,-0.000000,9474.636058
1241.790119,612.876398,-74.020594,8956.491898
1241.790438,689.485948,296.082377,9030.512492
1241.790757,766.095498,-0.000000,8882.471304
1241.791076,995.924147,-0.000000,8882.471304
1241.791395,766.095498,-296.082377,8734.430116
1241.791713,995.924147,-0.000000,8882.471304
1241.792032,766.095498,-0.000000,9178.553681
1241.792351,1072.533697,-74.020594,8882.471304
1241.792670,995.924147,-0.000000,8956.491898
1241.792988,919.314598,-222.061783,8882.471304
1241.793307,995.924147,-222.061783,9030.512492
1241.793626,842.705048,-148.041188,8808.450710
1241.793945,612.876398,-74.020594,9104.533087
1241.794264,919.314598,-222.061783,9178.553681
1241.794582,76.609550,-444.123565,8808.450710
1241.794901,459.657299,-0.000000,8808.450710
1241.795220,153.219100,-74.020594,8734.430116
1241.795539,229.828649,-148.041188,8956.491898
1241.795857,229.828649,-0.000000,9400.615463
1241.796176,0.000000,-0.000000,9326.594869
1241.796495,153.219100,-74.020594,9178.553681
1241.796814,229.828649,-0.000000,9030.512492
1241.797133,76.609550,-0.000000,9178.553681
1241.797451,0.000000,-0.000000,9252.574275
1241.797770,0.000000,148.041188,9178.553681
1241.798089,383.047749,592.164754,9178.553681
1241.798408,306.438199,296.082377,9104.533087
1241.798727,229.828649,592.164754,9104.533087
1241.799045,306.438199,296.082377,8956.491898
1241.799364,459.657299,592.164754,9104.533087
1241.799683,383.047749,592.164754,9178.553681
1241.800002,536.266849,666.185348,9030.512492
1241.800320,229.828649,592.164754,9474.636058
1241.800639,536.266849,666.185348,9400.615463
1241.800958,995.924147,814.226536,9178.553681
1241.801277,612.876398,814.226536,9400.615463
1241.801596,766.095498,666.185348,9252.574275
1241.801914,766.095498,666.185348,9474.636058
1241.802233,766.095498,666.185348,9474.636058
1241.802552,995.924147,740.205942,9474.636058
1241.802871,995.924147,740.205942,9474.636058
1241.803189,919.314598,666.185348,9474.636058
1241.803508,919.314598,666.185348,9474.636058
1241.803827,689.485948,444.123565,9622.677246
1241.804146,919.314598,666.185348,9548.656652
1241.804465,689.485948,592.164754,9696.697840
1241.804783,459.657299,666.185348,9844.739029
1241.805102,612.876398,370.102971,9770.718434
1241.805421,229.828649,370.102971,9844.739029
1241.805740,153.219100,444.123565,9696.697840
1241.806058,306.438199,444.123565,9622.677246
1241.806377,383.047749,222.061783,9770.718434
1241.806696,306.438199,370.102971,9770.718434
1241.807015,153.219100,296.082377,9474.636058
1241.807334,0.000000,444.123565,9844.739029
1241.807652,383.047749,296.082377,9474.636058
1241.807971,383.047749,222.061783,9474.636058
1241.808290,536.266849,666.185348,9474.636058
1241.808609,383.047749,592.164754,9178.553681
1241.808927,459.657299,666.185348,9400.615463
1241.809246,612.876398,592.164754,9104.533087
1241.809565,536.266849,444.123565,9178.553681
1241.809884,459.657299,444.123565,9030.512492
1241.810203,536.266849,592.164754,9178.553681
1241.810521,459.657299,444.123565,9104.533087
1241.810840,612.876398,592.164754,8882.471304
1241.811159,689.485948,518.144159,9104.533087
1241.811478,459.657299,370.102971,8882.471304
1241.811797,612.876398,444.123565,9030.512492
1241.812115,689.485948,370.102971,8956.491898
1241.812434,689.485948,370.102971,8956.491898
1241.812753,612.876398,370.102971,9178.553681
1241.813072,689.485948,222.061783,8808.450710
1241.813390,536.266849,-0.000000,8956.491898
1241.813709,536.266849,-0.000000,9030.512492
1241.814028,536.266849,-0.000000,8956.491898
1241.814347,306.438199,-74.020594,8882.471304
1241.814666,229.828649,-0.000000,8882.471304
1241.814984,153.219100,-0.000000,9178.553681
1241.815303,383.047749,-148.041188,9400.615463
1241.815622,0.000000,-0.000000,9178.553681
1241.815941,0.000000,-74.020594,9104.533087
1241.816259,-306.438199,-0.000000,9178.553681
1241.816578,0.000000,-0.000000,9178.553681
1241.816897,0.000000,-0.000000,9178.553681
1241.817216,-459.657299,296.082377,9326.594869
1241.817535,-153.219100,222.061783,9252.574275
1241.817853,0.000000,296.082377,9326.594869
1241.818172,153.219100,222.061783,9178.553681
1241.818491,383.047749,518.144159,9178.553681
1241.818810,459.657299,518.144159,8956.491898
1241.819128,536.266849,666.185348,9178.553681
1241.819447,536.266849,518.144159,8956.491898
1241.819766,612.876398,518.144159,8956.491898
1241.820085,842.705048,370.102971,9030.512492
1241.820404,995.924147,1036.288319,9326.594869
1241.820722,612.876398,666.185348,8956.491898
1241.821041,766.095498,888.247130,9104.533087
1241.821360,689.485948,740.205942,9104.533087
1241.821679,766.095498,814.226536,9252.574275
1241.821998,995.924147,814.226536,8956.491898
1241.822316,995.924147,814.226536,9326.594869
1241.822635,919.314598,666.185348,9326.594869
1241.822954,919.314598,666.185348,9400.615463
1241.823273,995.924147,740.205942,9474.636058
1241.823591,766.095498,444.123565,9548.656652
1241.823910,536.266849,518.144159,9400.615463
1241.824229,689.485948,518.144159,9474.636058
1241.824548,766.095498,666.185348,9474.636058
1241.824867,536.266849,444.123565,9474.636058
1241.825185,229.828649,444.123565,9622.677246
1241.825504,229.828649,296.082377,9474.636058
1241.825823,0.000000,444.123565,9696.697840
1241.826142,919.314598,222.061783,9770.718434
1241.826460,153.219100,518.144159,9770.718434
1241.826779,-76.609550,296.082377,9844.739029
1241.827098,0.000000,444.123565,9548.656652
1241.827417,76.609550,370.102971,9548.656652
1241.827736,76.609550,370.102971,9622.677246
1241.828054,0.000000,592.164754,9474.636058
1241.828373,229.828649,666.185348,9474.636058
1241.828692,229.828649,592.164754,9474.636058
1241.829011,229.828649,814.226536,9696.697840
1241.829329,153.219100,666.185348,9474.636058
1241.829648,229.828649,518.144159,9400.615463
1241.829967,306.438199,518.144159,9030.512492
1241.830286,383.047749,814.226536,9178.553681
1241.830605,383.047749,592.164754,9252.574275
1241.830923,689.485948,740.205942,9252.574275
1241.831242,689.485948,592.164754,8956.491898
1241.831561,536.266849,666.185348,9104.533087
1241.831880,766.095498,666.185348,9178.553681
1241.832198,842.705048,592.164754,9400.615463
1241.832517,612.876398,370.102971,8956.491898
1241.832836,612.876398,518.144159,9252.574275
1241.833155,766.095498,370.102971,8882.471304
1241.833474,306.438199,222.061783,8956.491898
1241.833792,766.095498,444.123565,8808.450710
1241.834111,612.876398,296.082377,8882.471304
1241.834430,459.657299,222.061783,8808.450710
1241.834749,842.705048,222.061783,9030.512492
1241.835068,383.047749,-0.000000,8882.471304
1241.835386,536.266849,-0.000000,8956.491898
1241.835705,76.609550,74.020594,9178.553681
1241.836024,153.219100,-0.000000,9104.533087
1241.836343,0.000000,148.041188,9104.533087
1241.836661,0.000000,-0.000000,9178.553681
1241.836980,0.000000,-0.000000,8956.491898
1241.837299,0.000000,-0.000000,9400.615463
1241.837618,0.000000,-0.000000,9252.574275
1241.837937,0.000000,-0.000000,9326.594869
1241.838255,0.000000,-0.000000,9030.512492
1241.838574,0.000000,148.041188,9030.512492
1241.838893,0.000000,222.061783,9104.533087
1241.839212,76.609550,592.164754,8956.491898
1241.839530,-153.219100,444.123565,9178.553681
1241.839849,306.438199,444.123565,9326.594869
1241.840168,306.438199,518.144159,8882.471304
1241.840487,383.047749,296.082377,9030.512492
1241.840806,612.876398,740.205942,9030.512492
1241.841124,459.657299,370.102971,9104.533087
1241.841443,612.876398,740.205942,9252.574275
1241.841762,766.095498,666.185348,9252.574275
1241.842081,536.266849,444.123565,9252.574275
1241.842399,229.828649,518.144159,9326.594869
1241.842718,689.485948,518.144159,9326.594869
1241.843037,459.657299,370.102971,9474.636058
1241.843356,689.485948,444.123565,9326.594869
1241.843675,536.266849,444.123565,9326.594869
1241.843993,995.924147,518.144159,9770.718434
1241.844312,536.266849,518.144159,9400.615463
1241.844631,612.876398,592.164754,9474.636058
1241.844950,612.876398,518.144159,9474.636058
1241.845269,842.705048,518.144159,9400.615463
1241.845587,536.266849,-0.000000,9770.718434
1241.845906,229.828649,222.061783,9622.677246
1241.846225,383.047749,518.144159,9622.677246
1241.846544,76.609550,370.102971,9622.677246
1241.846862,0.000000,370.102971,9474.636058
1241.847181,229.828649,296.082377,9548.656652
1241.847500,153.219100,444.123565,9548.656652
1241.847819,0.000000,370.102971,9622.677246
1241.848138,229.828649,518.144159,9474.636058
1241.848456,153.219100,592.164754,9474.636058
1241.848775,0.000000,444.123565,9548.656652
1241.849094,306.438199,740.205942,9474.636058
1241.849413,459.657299,444.123565,9474.636058
1241.849731,229.828649,518.144159,9474.636058
1241.850050,842.705048,444.123565,9474.636058
1241.850369,689.485948,814.226536,9252.574275
1241.850688,689.485948,592.164754,9178.553681
1241.851007,842.705048,592.164754,9178.553681
1241.851325,919.314598,296.082377,9178.553681
1241.851644,766.095498,518.144159,9326.594869
1241.851963,919.314598,592.164754,9104.533087
1241.852282,1072.533697,592.164754,9178.553681
1241.852600,842.705048,370.102971,9030.512492
1241.852919,689.485948,444.123565,9178.553681
1241.853238,842.705048,222.061783,9178.553681
1241.853557,995.924147,222.061783,8956.491898
1241.853876,689.485948,296.082377,9104.533087
1241.854194,919.314598,296.082377,8956.491898
1241.854513,383.047749,-296.082377,9030.512492
1241.854832,612.876398,-0.000000,9178.553681
1241.855151,459.657299,-0.000000,9252.574275
1241.855469,306.438199,-0.000000,9326.594869
1241.855788,229.828649,-0.000000,9178.553681
1241.856107,229.828649,-148.041188,9400.615463
1241.856426,-153.219100,-0.000000,9252.574275
1241.856745,0.000000,-0.000000,9252.574275
1241.857063,-229.828649,-0.000000,9252.574275
1241.857382,0.000000,-0.000000,9178.553681
1241.857701,229.828649,-0.000000,9252.574275
1241.858020,0.000000,-0.000000,9326.594869
1241.858339,153.219100,370.102971,9104.533087
1241.858657,76.609550,296.082377,9178.553681
1241.858976,306.438199,518.144159,9030.512492
1241.859295,76.609550,222.061783,8586.388927
1241.859614,76.609550,296.082377,9030.512492
1241.859932,306.438199,444.123565,9030.512492
1241.860251,459.657299,370.102971,8882.471304
1241.860570,612.876398,-0.000000,9400.615463
1241.860889,306.438199,666.185348,9178.553681
1241.861208,229.828649,518.144159,8956.491898
1241.861526,229.828649,444.123565,8956.491898
1241.861845,1149.143247,444.123565,9104.533087
1241.862164,1072.533697,444.123565,9104.533087
1241.862483,689.485948,518.144159,9104.533087
1241.862801,689.485948,518.144159,9178.553681
1241.863120,919.314598,222.061783,9104.533087
1241.863439,919.314598,-0.000000,8882.471304
1241.863758,842.705048,518.144159,9252.574275
1241.864077,766.095498,444.123565,9400.615463
1241.864395,766.095498,370.102971,9178.553681
1241.864714,842.705048,148.041188,9252.574275
1241.865033,459.657299,148.041188,9474.636058
1241.865352,383.047749,148.041188,9548.656652
1241.865670,306.438199,222.061783,9474.636058
1241.865989,76.609550,370.102971,9622.677246
1241.866308,229.828649,148.041188,9696.697840
1241.866627,229.828649,-0.000000,9622.677246
1241.866946,0.000000,296.082377,9696.697840
1241.867264,0.000000,-0.000000,9548.656652
1241.867583,76.609550,-0.000000,9622.677246
1241.867902,0.000000,370.102971,9770.718434
1241.868221,0.000000,222.061783,9696.697840
1241.868539,459.657299,444.123565,9548.656652
1241.868858,153.219100,444.123565,9474.636058
1241.869177,612.876398,592.164754,9474.636058
1241.869496,612.876398,518.144159,9548.656652
1241.869815,459.657299,518.144159,9474.636058
1241.870133,306.438199,740.205942,9474.636058
1241.870452,842.705048,740.205942,9326.594869
1241.870771,766.095498,666.185348,9326.594869
1241.871090,1302.362347,518.144159,9252.574275
1241.871409,689.485948,148.041188,9252.574275
1241.871727,919.314598,666.185348,9252.574275
1241.872046,995.924147,518.144159,9178.553681
1241.872365,995.924147,592.164754,9104.533087
1241.872684,1302.362347,592.164754,9474.636058
1241.873002,689.485948,444.123565,9178.553681
1241.873321,919.314598,444.123565,9104.533087
1241.873640,919.314598,222.061783,9178.553681
1241.873959,1225.752797,-0.000000,9178.553681
1241.874278,689.485948,-0.000000,9030.512492
1241.874596,689.485948,296.082377,9400.615463
1241.874915,612.876398,74.020594,9104.533087
1241.875234,459.657299,-0.000000,9400.615463
1241.875553,459.657299,-0.000000,9252.574275
1241.875871,306.438199,-148.041188,9178.553681
1241.876190,306.438199,-74.020594,9326.594869
1241.876509,229.828649,-0.000000,9326.594869
1241.876828,153.219100,-74.020594,9326.594869
1241.877147,-229.828649,-148.041188,9474.636058
1241.877465,0.000000,-0.000000,9326.594869
1241.877784,0.000000,-148.041188,9400.615463
1241.878103,0.000000,-0.000000,9178.553681
1241.878422,76.609550,-0.000000,9178.553681
1241.878740,306.438199,148.041188,8956.491898
1241.879059,229.828649,-0.000000,9104.533087
1241.879378,306.438199,296.082377,9104.533087
1241.879697,536.266849,296.082377,8956.491898
1241.880016,536.266849,444.123565,8882.471304
1241.880334,536.266849,296.082377,8882.471304
1241.880653,459.657299,666.185348,8956.491898
1241.880972,689.485948,370.102971,9030.512492
1241.881291,766.095498,370.102971,8734.430116
1241.881610,536.266849,444.123565,9030.512492
1241.881928,995.924147,444.123565,9030.512492
1241.882247,842.705048,666.185348,8956.491898
1241.882566,919.314598,370.102971,8956.491898
1241.882885,995.924147,592.164754,9252.574275
1241.883203,689.485948,296.082377,8808.450710
1241.883522,1149.143247,370.102971,9104.533087
1241.883841,1149.143247,518.144159,8956.491898
1241.884160,919.314598,518.144159,9326.594869
1241.884479,919.314598,592.164754,9252.574275
1241.884797,919.314598,370.102971,9030.512492
1241.885116,766.095498,-0.000000,9400.615463
1241.885435,612.876398,296.082377,9474.636058
1241.885754,612.876398,222.061783,9474.636058
1241.886072,383.047749,370.102971,9622.677246
1241.886391,689.485948,-0.000000,9474.636058
1241.886710,229.828649,370.102971,9696.697840
1241.887029,0.000000,370.102971,9696.697840
1241.887348,229.828649,296.082377,9474.636058
1241.887666,0.000000,444.123565,9400.615463
1241.887985,0.000000,222.061783,9474.636058
1241.888304,229.828649,444.123565,9474.636058
1241.888623,153.219100,444.123565,9622.677246
1241.888941,76.609550,370.102971,9548.656652
1241.889260,0.000000,222.061783,9474.636058
1241.889579,229.828649,444.123565,9400.615463
1241.889898,459.657299,518.144159,9474.636058
1241.890217,153.219100,444.123565,9400.615463
1241.890535,536.266849,740.205942,9400.615463
1241.890854,306.438199,962.267725,9178.553681
1241.891173,306.438199,962.267725,9474.636058
1241.891492,459.657299,814.226536,9326.594869
1241.891810,459.657299,814.226536,9252.574275
1241.892129,612.876398,518.144159,9178.553681
1241.892448,612.876398,888.247130,9178.553681
1241.892767,919.314598,518.144159,8956.491898
1241.893086,766.095498,518.144159,9178.553681
1241.893404,1072.533697,592.164754,9104.533087
1241.893723,1072.533697,518.144159,9178.553681
1241.894042,919.314598,444.123565,9178.553681
1241.894361,919.314598,222.061783,8808.450710
1241.894679,919.314598,296.082377,9030.512492
1241.894998,919.314598,-0.000000,9104.533087
1241.895317,612.876398,-0.000000,8956.491898
1241.895636,459.657299,222.061783,9178.553681
1241.895955,459.657299,-0.000000,9252.574275
1241.896273,76.609550,-0.000000,9252.574275
1241.896592,383.047749,222.061783,9252.574275
1241.896911,0.000000,-0.000000,9252.574275
1241.897230,0.000000,222.061783,9326.594869
1241.897549,0.000000,-0.000000,9178.553681
1241.897867,76.609550,-0.000000,9252.574275
1241.898186,76.609550,-0.000000,9326.594869
1241.898505,0.000000,-0.000000,9252.574275
1241.898824,0.000000,-0.000000,9326.594869
1241.899142,229.828649,148.041188,9326.594869
1241.899461,383.047749,296.082377,9400.615463
1241.899780,0.000000,-0.000000,9178.553681
1241.900099,0.000000,222.061783,9178.553681
1241.900418,383.047749,518.144159,8956.491898
1241.900736,383.047749,444.123565,9104.533087
1241.901055,459.657299,296.082377,9030.512492
1241.901374,383.047749,666.185348,9104.533087
1241.901693,536.266849,518.144159,9104.533087
1241.902011,383.047749,666.185348,9252.574275
1241.902330,459.657299,370.102971,8956.491898
1241.902649,76.609550,370.102971,9326.594869
1241.902968,153.219100,-0.000000,9252.574275
1241.903287,842.705048,518.144159,8882.471304
1241.903605,459.657299,592.164754,9400.615463
1241.903924,689.485948,444.123565,9178.553681
1241.904243,766.095498,370.102971,9178.553681
1241.904562,919.314598,444.123565,9030.512492
1241.904880,536.266849,518.144159,9178.553681
1241.905199,612.876398,592.164754,9326.594869
1241.905518,766.095498,370.102971,9326.594869
1241.905837,459.657299,296.082377,9400.615463
1241.906156,612.876398,148.041188,9030.512492
1241.906474,229.828649,592.164754,9622.677246
1241.906793,153.219100,444.123565,9474.636058
1241.907112,229.828649,592.164754,9474.636058
1241.907431,306.438199,592.164754,9252.574275
1241.907749,229.828649,518.144159,9400.615463
1241.908068,153.219100,666.185348,9548.656652
1241.908387,153.219100,666.185348,9474.636058
1241.908706,0.000000,444.123565,9474.636058
1241.909025,306.438199,296.082377,9400.615463
1241.909343,229.828649,592.164754,9400.615463
1241.909662,536.266849,888.247130,9252.574275
1241.909981,306.438199,740.205942,9400.615463
1241.910300,306.438199,814.226536,9326.594869
1241.910618,536.266849,962.267725,9326.594869
1241.910937,536.266849,740.205942,9178.553681
1241.911256,536.266849,814.226536,9252.574275
1241.911575,612.876398,666.185348,9104.533087
1241.911894,919.314598,592.164754,9178.553681
1241.912212,689.485948,814.226536,9178.553681
1241.912531,842.705048,814.226536,9326.594869
1241.912850,689.485948,592.164754,9030.512492
1241.913169,919.314598,592.164754,9400.615463
1241.913487,612.876398,370.102971,9252.574275
1241.913806,842.705048,518.144159,9178.553681
1241.914125,842.705048,444.123565,9178.553681
1241.914444,612.876398,370.102971,9326.594869
1241.914763,1225.752797,-148.041188,9474.636058
1241.915081,536.266849,370.102971,9548.656652
1241.915400,153.219100,296.082377,9400.615463
1241.915719,153.219100,370.102971,9252.574275
1241.916038,76.609550,-0.000000,9400.615463
1241.916356,229.828649,-0.000000,9474.636058
1241.916675,0.000000,-0.000000,9474.636058
1241.916994,-153.219100,-0.000000,9622.677246
1241.917313,0.000000,-0.000000,9474.636058
1241.917632,-229.828649,-0.000000,9474.636058
1241.917950,0.000000,-0.000000,9548.656652
1241.918269,-383.047749,-74.020594,9474.636058
1241.918588,-229.828649,-0.000000,9474.636058
1241.918907,-229.828649,-0.000000,9400.615463
1241.919226,0.000000,-0.000000,9474.636058
1241.919544,0.000000,222.061783,9326.594869
1241.919863,0.000000,370.102971,9178.553681
1241.920182,229.828649,444.123565,9104.533087
1241.920501,229.828649,444.123565,9030.512492
1241.920819,229.828649,592.164754,9178.553681
1241.921138,612.876398,518.144159,8882.471304
1241.921457,459.657299,518.144159,9030.512492
1241.921776,766.095498,740.205942,9178.553681
1241.922095,919.314598,518.144159,9104.533087
1241.922413,842.705048,814.226536,8882.471304
1241.922732,689.485948,666.185348,8956.491898
1241.923051,1149.143247,1036.288319,8808.450710
1241.923370,842.705048,518.144159,8660.409521
1241.923688,842.705048,370.102971,8808.450710
1241.924007,995.924147,592.164754,8882.471304
1241.924326,1149.143247,444.123565,8882.471304
1241.924645,919.314598,518.144159,9178.553681
1241.924964,766.095498,592.164754,9252.574275
1241.925282,689.485948,296.082377,9474.636058
1241.925601,766.095498,370.102971,9252.574275
1241.925920,689.485948,370.102971,9178.553681
1241.926239,689.485948,296.082377,9178.553681
1241.926557,612.876398,296.082377,9326.594869
1241.926876,0.000000,-0.000000,9548.656652
1241.927195,229.828649,222.061783,9474.636058
1241.927514,153.219100,296.082377,9474.636058
1241.927833,76.609550,296.082377,9548.656652
1241.928151,229.828649,-0.000000,9400.615463
1241.928470,229.828649,-0.000000,9326.594869
1241.928789,306.438199,296.082377,9474.636058
1241.929108,76.609550,-0.000000,9474.636058
1241.929426,229.828649,592.164754,9548.656652
1241.929745,306.438199,148.041188,9474.636058
1241.930064,229.828649,222.061783,9474.636058
1241.930383,76.609550,444.123565,9474.636058
1241.930702,536.266849,296.082377,9474.636058
1241.931020,306.438199,518.144159,9474.636058
1241.931339,229.828649,592.164754,9474.636058
1241.931658,383.047749,222.061783,9474.636058
1241.931977,153.219100,592.164754,9326.594869
1241.932295,689.485948,592.164754,9178.553681
1241.932614,612.876398,444.123565,9178.553681
1241.932933,306.438199,444.123565,9474.636058
1241.933252,612.876398,518.144159,9252.574275
1241.933571,766.095498,592.164754,9400.615463
1241.933889,612.876398,592.164754,9252.574275
1241.934208,842.705048,444.123565,9326.594869
1241.934527,766.095498,370.102971,9326.594869
1241.934846,612.876398,296.082377,9252.574275
1241.935164,612.876398,370.102971,9400.615463
1241.935483,766.095498,444.123565,9252.574275
1241.935802,383.047749,222.061783,9326.594869
1241.936121,229.828649,-0.000000,9326.594869
1241.936440,153.219100,296.082377,9326.594869
1241.936758,229.828649,296.082377,9326.594869
1241.937077,306.438199,296.082377,9252.574275
1241.937396,0.000000,-0.000000,9104.533087
1241.937715,306.438199,-148.041188,9474.636058
1241.938034,0.000000,-0.000000,9474.636058
1241.938352,0.000000,-0.000000,9252.574275
1241.938671,0.000000,296.082377,9252.574275
1241.938990,0.000000,296.082377,9178.553681
1241.939309,76.609550,-0.000000,9252.574275
1241.939627,306.438199,370.102971,9104.533087
1241.939946,383.047749,518.144159,9030.512492
1241.940265,229.828649,370.102971,8956.491898
1241.940584,229.828649,592.164754,9252.574275
1241.940903,536.266849,444.123565,9030.512492
1241.941221,689.485948,518.144159,8956.491898
1241.941540,459.657299,444.123565,8882.471304
1241.941859,842.705048,592.164754,9178.553681
1241.942178,536.266849,296.082377,9104.533087
1241.942496,919.314598,814.226536,8956.491898
1241.942815,842.705048,518.144159,9030.512492
1241.943134,842.705048,518.144159,8956.491898
1241.943453,1455.581446,592.164754,9104.533087
1241.943772,842.705048,222.061783,9104.533087
1241.944090,842.705048,666.185348,9178.553681
1241.944409,766.095498,74.020594,9104.533087
1241.944728,612.876398,148.041188,9030.512492
1241.945047,612.876398,370.102971,9104.533087
1241.945365,766.095498,-0.000000,9400.615463
1241.945684,459.657299,-0.000000,9252.574275
1241.946003,306.438199,-0.000000,9400.615463
1241.946322,612.876398,-0.000000,9474.636058
1241.946641,306.438199,-0.000000,9474.636058
1241.946959,153.219100,-0.000000,9474.636058
1241.947278,459.657299,-0.000000,9474.636058
1241.947597,0.000000,-0.000000,9474.636058
1241.947916,612.876398,-0.000000,9474.636058
1241.948234,153.219100,-148.041188,9474.636058
1241.948553,0.000000,148.041188,9548.656652
1241.948872,229.828649,-0.000000,9474.636058
1241.949191,306.438199,-0.000000,9474.636058
1241.949510,153.219100,148.041188,9400.615463
1241.949828,306.438199,222.061783,9474.636058
1241.950147,459.657299,222.061783,9400.615463
1241.950466,459.657299,296.082377,9474.636058
1241.950785,536.266849,370.102971,9252.574275
1241.951103,842.705048,296.082377,9474.636058
1241.951422,995.924147,740.205942,9178.553681
1241.951741,536.266849,444.123565,9474.636058
1241.952060,612.876398,296.082377,9252.574275
1241.952379,1149.143247,592.164754,9326.594869
1241.952697,995.924147,592.164754,9178.553681
1241.953016,919.314598,740.205942,9178.553681
1241.953335,842.705048,592.164754,9104.533087
1241.953654,842.705048,518.144159,9178.553681
1241.953972,1149.143247,518.144159,9178.553681
1241.954291,995.924147,592.164754,9178.553681
1241.954610,536.266849,148.041188,9252.574275
1241.954929,612.876398,370.102971,9104.533087
1241.955248,612.876398,222.061783,9178.553681
1241.955566,612.876398,-148.041188,9548.656652
1241.955885,612.876398,370.102971,9326.594869
1241.956204,229.828649,148.041188,9252.574275
1241.956523,153.219100,-0.000000,9178.553681
1241.956842,153.219100,-0.000000,9252.574275
1241.957160,306.438199,-0.000000,9474.636058
1241.957479,0.000000,222.061783,9400.615463
1241.957798,0.000000,-148.041188,9474.636058
1241.958117,0.000000,-0.000000,9326.594869
1241.958435,-229.828649,148.041188,9178.553681
1241.958754,0.000000,-0.000000,9474.636058
1241.959073,0.000000,518.144159,9326.594869
1241.959392,76.609550,296.082377,9178.553681
1241.959711,0.000000,296.082377,9030.512492
1241.960029,0.000000,518.144159,9252.574275
1241.960348,153.219100,-0.000000,8660.409521
1241.960667,153.219100,370.102971,9104.533087
1241.960986,76.609550,592.164754,9178.553681
1241.961304,459.657299,666.185348,9104.533087
1241.961623,612.876398,518.144159,9104.533087
1241.961942,689.485948,592.164754,9178.553681
1241.962261,459.657299,444.123565,9178.553681
1241.962580,689.485948,518.144159,9030.512492
1241.962898,766.095498,518.144159,8956.491898
1241.963217,1149.143247,222.061783,8956.491898
1241.963536,689.485948,666.185348,9400.615463
1241.963855,1302.362347,666.185348,8956.491898
1241.964173,919.314598,740.205942,9326.594869
1241.964492,842.705048,518.144159,9178.553681
1241.964811,842.705048,518.144159,9474.636058
1241.965130,919.314598,444.123565,9400.615463
1241.965449,919.314598,370.102971,9474.636058
1241.965767,689.485948,222.061783,9400.615463
1241.966086,689.485948,-0.000000,9326.594869
1241.966405,612.876398,444.123565,9918.759623
1241.966724,459.657299,148.041188,9474.636058
1241.967042,459.657299,444.123565,9474.636058
1241.967361,306.438199,-0.000000,9474.636058
1241.967680,612.876398,-0.000000,9474.636058
1241.967999,383.047749,-0.000000,9474.636058
1241.968318,383.047749,-0.000000,9400.615463
1241.968636,383.047749,-0.000000,9474.636058
1241.968955,229.828649,-0.000000,9474.636058
1241.969274,0.000000,148.041188,9696.697840
1241.969593,459.657299,222.061783,9474.636058
1241.969911,0.000000,74.020594,9252.574275
1241.970230,459.657299,444.123565,9252.574275
1241.970549,459.657299,148.041188,9326.594869
1241.970868,459.657299,-0.000000,9178.553681
1241.971187,306.438199,222.061783,9474.636058
1241.971505,766.095498,370.102971,9252.574275
1241.971824,459.657299,592.164754,9326.594869
1241.972143,1378.971896,444.123565,9252.574275
1241.972462,995.924147,74.020594,9030.512492
1241.972780,383.047749,296.082377,9030.512492
1241.973099,919.314598,888.247130,8956.491898
1241.973418,689.485948,518.144159,9178.553681
1241.973737,995.924147,592.164754,8882.471304
1241.974056,919.314598,370.102971,8956.491898
1241.974374,766.095498,444.123565,9104.533087
1241.974693,842.705048,444.123565,9030.512492
1241.975012,536.266849,444.123565,9104.533087
1241.975331,459.657299,-0.000000,9030.512492
1241.975650,536.266849,444.123565,9178.553681
1241.975968,229.828649,-0.000000,9030.512492
1241.976287,383.047749,444.123565,9474.636058
1241.976606,153.219100,-0.000000,9252.574275
1241.976925,76.609550,296.082377,9252.574275
1241.977243,0.000000,-0.000000,9252.574275
1241.977562,153.219100,222.061783,9178.553681
1241.977881,0.000000,296.082377,9178.553681
1241.978200,0.000000,296.082377,9400.615463
1241.978519,-153.219100,296.082377,9400.615463
1241.978837,0.000000,370.102971,9326.594869
1241.979156,-153.219100,370.102971,9400.615463
1241.979475,153.219100,370.102971,9178.553681
1241.979794,536.266849,518.144159,9474.636058
1241.980112,229.828649,740.205942,9252.574275
1241.980431,0.000000,518.144159,9326.594869
1241.980750,76.609550,518.144159,9326.594869
1241.981069,536.266849,666.185348,9252.574275
1241.981388,689.485948,666.185348,9030.512492
1241.981706,459.657299,888.247130,9178.553681
1241.982025,766.095498,814.226536,9178.553681
1241.982344,919.314598,888.247130,9252.574275
1241.982663,919.314598,888.247130,9104.533087
1241.982981,1225.752797,592.164754,9252.574275
1241.983300,1149.143247,666.185348,9030.512492
1241.983619,995.924147,666.185348,9400.615463
1241.983938,995.924147,592.164754,9252.574275
1241.984257,842.705048,296.082377,9474.636058
1241.984575,1149.143247,444.123565,9326.594869
1241.984894,919.314598,592.164754,9400.615463
1241.985213,766.095498,444.123565,9178.553681
1241.985532,536.266849,296.082377,9326.594869
1241.985850,229.828649,-222.061783,9178.553681
1241.986169,306.438199,-0.000000,9400.615463
1241.986488,536.266849,370.102971,9326.594869
1241.986807,306.438199,-0.000000,9474.636058
1241.987126,306.438199,148.041188,9400.615463
1241.987444,536.266849,-0.000000,9400.615463
1241.987763,229.828649,148.041188,9696.697840
1241.988082,76.609550,148.041188,9474.636058
1241.988401,76.609550,-0.000000,9474.636058
1241.988720,-306.438199,148.041188,9474.636058
1241.989038,306.438199,518.144159,9844.739029
1241.989357,0.000000,222.061783,9400.615463
1241.989676,229.828649,148.041188,9474.636058
1241.989995,229.828649,370.102971,9474.636058
1241.990314,306.438199,296.082377,9326.594869
1241.990632,306.438199,518.144159,9178.553681
1241.990951,306.438199,444.123565,9252.574275
1241.991270,76.609550,296.082377,9104.533087
1241.991589,459.657299,444.123565,9104.533087
1241.991908,689.485948,-0.000000,8882.471304
1241.992226,842.705048,222.061783,8956.491898
1241.992545,612.876398,518.144159,9252.574275
1241.992864,766.095498,518.144159,9030.512492
1241.993183,842.705048,592.164754,8956.491898
1241.993502,919.314598,518.144159,9030.512492
1241.993820,842.705048,592.164754,9030.512492
1241.994139,842.705048,518.144159,9030.512492
1241.994458,842.705048,592.164754,8956.491898
1241.994777,612.876398,444.123565,8882.471304
1241.995096,536.266849,592.164754,9030.512492
1241.995414,689.485948,296.082377,9030.512492
1241.995733,842.705048,444.123565,9326.594869
1241.996052,459.657299,296.082377,9030.512492
1241.996371,689.485948,222.061783,9030.512492
1241.996690,459.657299,370.102971,9326.594869
1241.997008,383.047749,296.082377,9252.574275
1241.997327,306.438199,222.061783,9474.636058
1241.997646,153.219100,222.061783,9326.594869
1241.997965,0.000000,-0.000000,9400.615463
1241.998284,383.047749,592.164754,9474.636058
1241.998602,0.000000,222.061783,9252.574275
1241.998921,76.609550,592.164754,9548.656652
1241.999240,0.000000,296.082377,9178.553681
1241.999559,0.000000,444.123565,9474.636058
1241.999878,0.000000,444.123565,9326.594869
1242.000196,153.219100,666.185348,9326.594869
1242.000515,229.828649,666.185348,9252.574275
1242.000834,229.828649,666.185348,9252.574275
1242.001153,153.219100,962.267725,9178.553681
1242.001472,689.485948,740.205942,8956.491898
1242.001790,76.609550,444.123565,9178.553681
1242.002109,689.485948,740.205942,9030.512492
1242.002428,766.095498,740.205942,9252.574275
1242.002747,459.657299,740.205942,9252.574275
1242.003066,689.485948,740.205942,9178.553681
1242.003384,612.876398,740.205942,9252.574275
1242.003703,766.095498,740.205942,9252.574275
1242.004022,689.485948,518.144159,9030.512492
1242.004341,842.705048,740.205942,9400.615463
1242.004660,995.924147,740.205942,9400.615463
1242.004978,766.095498,592.164754,9622.677246
1242.005297,766.095498,296.082377,9252.574275
1242.005616,995.924147,370.102971,9400.615463
1242.005935,612.876398,444.123565,9178.553681
1242.006254,459.657299,296.082377,9252.574275
1242.006572,459.657299,222.061783,9252.574275
1242.006891,536.266849,148.041188,9400.615463
1242.007210,383.047749,148.041188,9400.615463
1242.007529,229.828649,222.061783,9474.636058
1242.007848,229.828649,148.041188,9474.636058
1242.008166,306.438199,-0.000000,9548.656652
1242.008485,76.609550,74.020594,9548.656652
1242.008804,76.609550,222.061783,9474.636058
1242.009123,153.219100,-0.000000,9474.636058
1242.009442,76.609550,-0.000000,9474.636058
1242.009760,76.609550,370.102971,9400.615463
1242.010079,306.438199,444.123565,9326.594869
1242.010398,306.438199,518.144159,9400.615463
1242.010717,383.047749,370.102971,9326.594869
1242.011036,536.266849,370.102971,9178.553681
1242.011354,383.047749,518.144159,9400.615463
1242.011673,76.609550,-0.000000,8882.471304
1242.011992,842.705048,666.185348,9252.574275
1242.012311,689.485948,666.185348,9104.533087
1242.012630,612.876398,814.226536,9252.574275
1242.012948,919.314598,370.102971,8882.471304
1242.013267,612.876398,370.102971,8956.491898
1242.013586,536.266849,444.123565,9178.553681
1242.013905,689.485948,444.123565,9178.553681
1242.014224,842.705048,296.082377,9178.553681
1242.014542,766.095498,296.082377,9178.553681
1242.014861,689.485948,296.082377,9104.533087
1242.015180,612.876398,370.102971,9104.533087
1242.015499,689.485948,370.102971,9326.594869
1242.015818,689.485948,222.061783,9030.512492
1242.016136,766.095498,-222.061783,8882.471304
1242.016455,459.657299,148.041188,9178.553681
1242.016774,459.657299,-0.000000,9178.553681
1242.017093,383.047749,148.041188,9252.574275
1242.017412,229.828649,-0.000000,9400.615463
1242.017730,229.828649,-222.061783,9326.594869
1242.018049,76.609550,-0.000000,9474.636058
1242.018368,-306.438199,-0.000000,9178.553681
1242.018687,0.000000,222.061783,9400.615463
1242.019006,-229.828649,74.020594,9326.594869
1242.019324,306.438199,-0.000000,9770.718434
1242.019643,-229.828649,222.061783,9252.574275
1242.019962,76.609550,222.061783,9400.615463
1242.020281,153.219100,444.123565,9178.553681
1242.020600,919.314598,74.020594,9178.553681
1242.020918,0.000000,592.164754,9474.636058
1242.021237,383.047749,666.185348,9030.512492
1242.021556,153.219100,740.205942,9400.615463
1242.021875,612.876398,592.164754,9030.512492
1242.022194,919.314598,740.205942,9104.533087
1242.022512,689.485948,814.226536,9252.574275
1242.022831,842.705048,666.185348,9104.533087
1242.023150,536.266849,666.185348,9030.512492
1242.023469,689.485948,814.226536,9178.553681
1242.023788,919.314598,740.205942,9030.512492
1242.024106,995.924147,888.247130,9178.553681
1242.024425,842.705048,592.164754,9252.574275
1242.024744,766.095498,592.164754,9178.553681
1242.025063,995.924147,740.205942,9326.594869
1242.025382,919.314598,370.102971,9326.594869
1242.025700,842.705048,370.102971,9326.594869
1242.026019,689.485948,518.144159,9400.615463
1242.026338,919.314598,518.144159,9178.553681
1242.026657,536.266849,296.082377,9474.636058
1242.026976,766.095498,370.102971,9400.615463
1242.027294,689.485948,222.061783,9474.636058
1242.027613,383.047749,296.082377,9474.636058
1242.027932,459.657299,296.082377,9400.615463
1242.028251,229.828649,-0.000000,9622.677246
1242.028570,383.047749,148.041188,9474.636058
1242.028888,229.828649,-0.000000,9548.656652
1242.029207,229.828649,296.082377,9474.636058
1242.029526,153.219100,-0.000000,9474.636058
1242.029845,76.609550,148.041188,9622.677246
1242.030164,0.000000,74.020594,9400.615463
1242.030482,0.000000,-0.000000,9548.656652
1242.030801,153.219100,148.041188,9252.574275
1242.031120,76.609550,222.061783,9252.574275
1242.031439,153.219100,148.041188,9400.615463
1242.031758,306.438199,148.041188,9252.574275
1242.032076,229.828649,518.144159,9252.574275
1242.032395,459.657299,370.102971,9178.553681
1242.032714,383.047749,370.102971,9326.594869
1242.033033,689.485948,592.164754,9326.594869
1242.033352,612.876398,666.185348,9326.594869
1242.033670,536.266849,370.102971,9104.533087
1242.033989,536.266849,592.164754,8956.491898
1242.034308,1072.533697,370.102971,9030.512492
1242.034627,842.705048,296.082377,8956.491898
1242.034946,766.095498,222.061783,9030.512492
1242.035264,766.095498,296.082377,9178.553681
1242.035583,612.876398,148.041188,9104.533087
1242.035902,383.047749,-0.000000,8956.491898
1242.036221,689.485948,222.061783,9030.512492
1242.036540,383.047749,222.061783,9474.636058
1242.036858,536.266849,-0.000000,9178.553681
1242.037177,-153.219100,-74.020594,9178.553681
1242.037496,459.657299,-0.000000,9030.512492
1242.037815,306.438199,-0.000000,9252.574275
1242.038134,0.000000,-148.041188,9252.574275
1242.038452,0.000000,-74.020594,9252.574275
1242.038771,0.000000,-148.041188,9252.574275
1242.039090,76.609550,-0.000000,9326.594869
1242.039409,0.000000,-0.000000,9326.594869
1242.039728,0.000000,-0.000000,9474.636058
1242.040046,383.047749,148.041188,9474.636058
1242.040365,153.219100,222.061783,9474.636058
1242.040684,612.876398,518.144159,9030.512492
1242.041003,459.657299,222.061783,9252.574275
1242.041322,306.438199,222.061783,9104.533087
1242.041641,689.485948,-0.000000,9178.553681
1242.041959,766.095498,518.144159,9474.636058
1242.042278,612.876398,518.144159,9104.533087
1242.042597,842.705048,740.205942,9326.594869
1242.042916,842.705048,518.144159,9030.512492
1242.043235,153.219100,370.102971,8882.471304
1242.043553,842.705048,592.164754,9104.533087
1242.043872,1302.362347,740.205942,9252.574275
1242.044191,842.705048,740.205942,9178.553681
1242.044510,1072.533697,666.185348,9104.533087
1242.044829,995.924147,740.205942,9400.615463
1242.045147,919.314598,666.185348,9252.574275
1242.045466,919.314598,518.144159,9030.512492
1242.045785,919.314598,592.164754,9104.533087
1242.046104,766.095498,666.185348,9326.594869
1242.046423,1149.143247,666.185348,9104.533087
1242.046741,383.047749,444.123565,9326.594869
1242.047060,536.266849,370.102971,9622.677246
1242.047379,306.438199,296.082377,9400.615463
1242.047698,306.438199,370.102971,9474.636058
1242.048017,306.438199,-0.000000,9474.636058
1242.048335,229.828649,-0.000000,9474.636058
1242.048654,153.219100,296.082377,9474.636058
1242.048973,229.828649,370.102971,9474.636058
1242.049292,0.000000,518.144159,9548.656652
1242.049611,229.828649,370.102971,9400.615463
1242.049929,76.609550,370.102971,9474.636058
1242.050248,0.000000,370.102971,9474.636058
1242.050567,229.828649,592.164754,9696.697840
1242.050886,153.219100,518.144159,9400.615463
1242.051205,383.047749,518.144159,9474.636058
1242.051523,383.047749,444.123565,9474.636058
1242.051842,229.828649,370.102971,9252.574275
1242.052161,383.047749,370.102971,9178.553681
1242.052480,842.705048,518.144159,9326.594869
1242.052799,459.657299,740.205942,9400.615463
1242.053117,842.705048,592.164754,9104.533087
1242.053436,689.485948,444.123565,9400.615463
1242.053755,536.266849,592.164754,9400.615463
1242.054074,689.485948,518.144159,9474.636058
1242.054393,919.314598,370.102971,9104.533087
1242.054711,842.705048,444.123565,9178.553681
1242.055030,919.314598,518.144159,9104.533087
1242.055349,919.314598,518.144159,9252.574275
1242.055668,919.314598,518.144159,9326.594869
1242.055987,766.095498,370.102971,9104.533087
1242.056305,995.924147,518.144159,9104.533087
1242.056624,459.657299,296.082377,9178.553681
1242.056943,229.828649,-0.000000,9178.553681
1242.057262,459.657299,370.102971,9400.615463
1242.057581,229.828649,296.082377,9252.574275
1242.057899,153.219100,-0.000000,9178.553681
1242.058218,153.219100,-0.000000,9030.512492
1242.058537,0.000000,-0.000000,9178.553681
1242.058856,0.000000,-0.000000,9326.594869
1242.059175,0.000000,-0.000000,9400.615463
1242.059493,153.219100,148.041188,9252.574275
1242.059812,-229.828649,222.061783,9252.574275
1242.060131,0.000000,148.041188,8882.471304
1242.060450,0.000000,370.102971,9326.594869
1242.060769,0.000000,370.102971,9400.615463
1242.061087,0.000000,444.123565,9178.553681
1242.061406,-229.828649,296.082377,9474.636058
1242.061725,229.828649,518.144159,9326.594869
1242.062044,0.000000,370.102971,9104.533087
1242.062363,153.219100,592.164754,9178.553681
1242.062681,383.047749,518.144159,8956.491898
1242.063000,306.438199,296.082377,9326.594869
1242.063319,689.485948,740.205942,9252.574275
1242.063638,612.876398,740.205942,9030.512492
1242.063957,689.485948,518.144159,8882.471304
1242.064275,766.095498,592.164754,9252.574275
1242.064594,1149.143247,444.123565,9178.553681
1242.064913,766.095498,444.123565,9326.594869
1242.065232,842.705048,814.226536,9178.553681
1242.065551,842.705048,296.082377,9178.553681
1242.065869,1149.143247,444.123565,9400.615463
1242.066188,689.485948,518.144159,9252.574275
1242.066507,536.266849,370.102971,9326.594869
1242.066826,536.266849,370.102971,9252.574275
1242.067145,383.047749,370.102971,9474.636058
1242.067463,306.438199,370.102971,9622.677246
1242.067782,459.657299,296.082377,9474.636058
1242.068101,459.657299,444.123565,9548.656652
1242.068420,306.438199,-0.000000,9474.636058
1242.068739,919.314598,222.061783,9474.636058
1242.069057,459.657299,74.020594,9548.656652
1242.069376,153.219100,296.082377,9548.656652
1242.069695,229.828649,222.061783,9326.594869
1242.070014,0.000000,444.123565,9474.636058
1242.070333,383.047749,-0.000000,9030.512492
1242.070651,229.828649,370.102971,9326.594869
1242.070970,306.438199,592.164754,9252.574275
1242.071289,536.266849,592.164754,9474.636058
1242.071608,153.219100,592.164754,9252.574275
1242.071927,536.266849,592.164754,9326.594869
1242.072245,459.657299,592.164754,9400.615463
1242.072564,689.485948,740.205942,9178.553681
1242.072883,919.314598,814.226536,9178.553681
1242.073202,689.485948,740.205942,9104.533087
1242.073521,383.047749,666.185348,9178.553681
1242.073839,766.095498,740.205942,9030.512492
1242.074158,612.876398,444.123565,8956.491898
1242.074477,766.095498,740.205942,9178.553681
1242.074796,842.705048,666.185348,9104.533087
1242.075115,612.876398,518.144159,9400.615463
1242.075433,995.924147,740.205942,8956.491898
1242.075752,766.095498,592.164754,8956.491898
1242.076071,995.924147,296.082377,9030.512492
1242.076390,612.876398,148.041188,9104.533087
1242.076709,842.705048,-0.000000,9104.533087
1242.077027,612.876398,222.061783,9104.533087
1242.077346,459.657299,-0.000000,9104.533087
1242.077665,153.219100,-0.000000,9104.533087
1242.077984,229.828649,-0.000000,9400.615463
1242.078303,383.047749,-0.000000,9326.594869
1242.078621,153.219100,-74.020594,9400.615463
1242.078940,306.438199,-0.000000,9474.636058
1242.079259,153.219100,-148.041188,9178.553681
1242.079578,229.828649,-296.082377,9178.553681
1242.079897,0.000000,-148.041188,9400.615463
1242.080215,0.000000,-0.000000,9252.574275
1242.080534,0.000000,-0.000000,9178.553681
1242.080853,229.828649,-0.000000,9252.574275
1242.081172,-229.828649,-148.041188,9104.533087
1242.081491,536.266849,148.041188,9252.574275
1242.081809,306.438199,222.061783,9400.615463
1242.082128,383.047749,370.102971,9252.574275
1242.082447,383.047749,444.123565,9326.594869
1242.082766,536.266849,222.061783,9252.574275
1242.083085,612.876398,592.164754,9252.574275
1242.083403,612.876398,592.164754,9178.553681
1242.083722,919.314598,518.144159,9326.594869
1242.084041,612.876398,370.102971,9252.574275
1242.084360,919.314598,370.102971,9474.636058
1242.084679,1072.533697,666.185348,8882.471304
1242.084997,459.657299,370.102971,9104.533087
1242.085316,842.705048,814.226536,9178.553681
1242.085635,995.924147,370.102971,8808.450710
1242.085954,766.095498,444.123565,9326.594869
1242.086272,536.266849,518.144159,9178.553681
1242.086591,842.705048,592.164754,9104.533087
1242.086910,689.485948,444.123565,9252.574275
1242.087229,766.095498,518.144159,9400.615463
1242.087547,612.876398,370.102971,9400.615463
1242.087866,306.438199,518.144159,9474.636058
1242.088185,383.047749,296.082377,9474.636058
1242.088504,76.609550,222.061783,9400.615463
1242.088822,306.438199,296.082377,9474.636058
1242.089141,383.047749,296.082377,9474.636058
1242.089460,0.000000,444.123565,9474.636058
1242.089779,0.000000,592.164754,9474.636058
1242.090097,76.609550,370.102971,9474.636058
1242.090416,153.219100,592.164754,9548.656652
1242.090735,229.828649,296.082377,9326.594869
1242.091054,383.047749,518.144159,9252.574275
1242.091373,306.438199,444.123565,9474.636058
1242.091691,383.047749,444.123565,9400.615463
1242.092010,153.219100,592.164754,9326.594869
1242.092329,153.219100,592.164754,9252.574275
1242.092648,229.828649,370.102971,9178.553681
1242.092966,383.047749,518.144159,9474.636058
1242.093285,536.266849,222.061783,9474.636058
1242.093604,229.828649,444.123565,9178.553681
1242.093923,612.876398,592.164754,9326.594869
1242.094241,536.266849,666.185348,9474.636058
1242.094560,612.876398,370.102971,9104.533087
1242.094879,842.705048,518.144159,9252.574275
1242.095198,689.485948,444.123565,8956.491898
1242.095516,536.266849,296.082377,9104.533087
1242.095835,689.485948,370.102971,9104.533087
1242.096154,766.095498,444.123565,9104.533087
1242.096473,536.266849,296.082377,9178.553681
1242.096792,536.266849,296.082377,9252.574275
1242.097110,536.266849,222.061783,9104.533087
1242.097429,689.485948,-0.000000,9178.553681
1242.097748,306.438199,-222.061783,9474.636058
1242.098067,306.438199,74.020594,9474.636058
1242.098385,306.438199,370.102971,9178.553681
1242.098704,0.000000,148.041188,9252.574275
1242.099023,0.000000,-0.000000,9252.574275
1242.099342,76.609550,-0.000000,8956.491898
1242.099660,0.000000,-0.000000,9326.594869
1242.099979,153.219100,-0.000000,9252.574275
1242.100298,153.219100,-0.000000,9326.594869
1242.100617,76.609550,370.102971,9104.533087
1242.100935,229.828649,-296.082377,8956.491898
1242.101254,0.000000,222.061783,9104.533087
1242.101573,229.828649,296.082377,8956.491898
1242.101892,153.219100,370.102971,9178.553681
1242.102211,995.924147,740.205942,9178.553681
1242.102529,383.047749,222.061783,9178.553681
1242.102848,306.438199,592.164754,9030.512492
1242.103167,459.657299,518.144159,9104.533087
1242.103486,459.657299,518.144159,9104.533087
1242.103804,995.924147,518.144159,9104.533087
1242.104123,536.266849,666.185348,9326.594869
1242.104442,536.266849,444.123565,9030.512492
1242.104761,919.314598,592.164754,8956.491898
1242.105079,842.705048,592.164754,9030.512492
1242.105398,1072.533697,740.205942,9030.512492
1242.105717,842.705048,666.185348,9104.533087
1242.106036,919.314598,370.102971,9178.553681
1242.106355,766.095498,518.144159,9178.553681
1242.106673,842.705048,370.102971,9178.553681
1242.106992,1149.143247,-74.020594,9326.594869
1242.107311,536.266849,-0.000000,9326.594869
1242.107630,842.705048,444.123565,9252.574275
1242.107948,459.657299,296.082377,9548.656652
1242.108267,383.047749,296.082377,9548.656652
1242.108586,229.828649,370.102971,9696.697840
1242.108905,153.219100,370.102971,9622.677246
1242.109223,229.828649,222.061783,9474.636058
1242.109542,229.828649,222.061783,9474.636058
1242.109861,153.219100,148.041188,9474.636058
1242.110180,689.485948,296.082377,9178.553681
1242.110498,76.609550,444.123565,9622.677246
1242.110817,306.438199,222.061783,9400.615463
1242.111136,306.438199,444.123565,9474.636058
1242.111455,995.924147,518.144159,9252.574275
1242.111774,459.657299,370.102971,9400.615463
1242.112092,383.047749,518.144159,9474.636058
1242.112411,153.219100,444.123565,9400.615463
1242.112730,536.266849,518.144159,9326.594869
1242.113049,383.047749,296.082377,9326.594869
1242.113367,689.485948,370.102971,9104.533087
1242.113686,842.705048,518.144159,9104.533087
1242.114005,536.266849,296.082377,9104.533087
1242.114324,612.876398,444.123565,9104.533087
1242.114642,536.266849,444.123565,9474.636058
1242.114961,689.485948,296.082377,9030.512492
1242.115280,689.485948,444.123565,9178.553681
1242.115599,766.095498,592.164754,9104.533087
1242.115918,1072.533697,296.082377,9178.553681
1242.116236,689.485948,222.061783,9178.553681
1242.116555,459.657299,222.061783,9326.594869
1242.116874,689.485948,222.061783,8956.491898
1242.117193,536.266849,222.061783,9104.533087
1242.117511,306.438199,-0.000000,9104.533087
1242.117830,612.876398,-0.000000,9400.615463
1242.118149,229.828649,-0.000000,9326.594869
1242.118468,153.219100,-0.000000,9326.594869
1242.118786,0.000000,-0.000000,9326.594869
1242.119105,229.828649,-0.000000,9400.615463
1242.119424,76.609550,148.041188,8956.491898
1242.119743,153.219100,-0.000000,9474.636058
1242.120061,153.219100,-0.000000,9178.553681
1242.120380,153.219100,222.061783,9252.574275
1242.120699,842.705048,-0.000000,9474.636058
1242.121018,536.266849,148.041188,9252.574275
1242.121337,383.047749,370.102971,9252.574275
1242.121655,612.876398,222.061783,9030.512492
1242.121974,766.095498,444.123565,9178.553681
1242.122293,306.438199,296.082377,9178.553681
1242.122612,536.266849,222.061783,9030.512492
1242.122930,1225.752797,666.185348,9030.512492
1242.123249,689.485948,296.082377,8956.491898
1242.123568,459.657299,444.123565,8808.450710
1242.123887,689.485948,592.164754,9178.553681
1242.124205,689.485948,592.164754,9178.553681
1242.124524,689.485948,592.164754,9178.553681
1242.124843,766.095498,740.205942,8956.491898
1242.125162,612.876398,740.205942,9252.574275
1242.125480,919.314598,666.185348,8956.491898
1242.125799,612.876398,666.185348,9326.594869
1242.126118,612.876398,666.185348,9400.615463
1242.126437,229.828649,740.205942,9178.553681
1242.126756,612.876398,518.144159,9326.594869
1242.127074,536.266849,444.123565,9400.615463
1242.127393,229.828649,370.102971,9252.574275
1242.127712,306.438199,-0.000000,9252.574275
1242.128031,306.438199,296.082377,9474.636058
1242.128349,229.828649,296.082377,9474.636058
1242.128668,153.219100,148.041188,9400.615463
1242.128987,306.438199,-0.000000,9326.594869
1242.129306,76.609550,518.144159,9844.739029
1242.129624,229.828649,-148.041188,9326.594869
1242.129943,383.047749,222.061783,9548.656652
1242.130262,0.000000,148.041188,9474.636058
1242.130581,153.219100,222.061783,9474.636058
1242.130900,383.047749,222.061783,9474.636058
1242.131218,306.438199,222.061783,9326.594869
1242.131537,306.438199,296.082377,9400.615463
1242.131856,459.657299,370.102971,9474.636058
1242.132175,689.485948,296.082377,9104.533087
1242.132493,612.876398,592.164754,9474.636058
1242.132812,842.705048,814.226536,9178.553681
1242.133131,766.095498,222.061783,9252.574275
1242.133450,766.095498,444.123565,9030.512492
1242.133768,766.095498,518.144159,9252.574275
1242.134087,1149.143247,740.205942,9326.594869
1242.134406,1149.143247,666.185348,9178.553681
1242.134725,842.705048,370.102971,9252.574275
1242.135043,842.705048,518.144159,9252.574275
1242.135362,766.095498,666.185348,9178.553681
1242.135681,919.314598,222.061783,9030.512492
1242.136000,1149.143247,296.082377,9252.574275
1242.136319,612.876398,444.123565,9326.594869
1242.136637,766.095498,-0.000000,9252.574275
1242.136956,689.485948,370.102971,9252.574275
1242.137275,689.485948,74.020594,9252.574275
1242.137594,459.657299,148.041188,9104.533087
1242.137912,306.438199,148.041188,9252.574275
1242.138231,153.219100,222.061783,9252.574275
1242.138550,76.609550,148.041188,9326.594869
1242.138869,229.828649,-0.000000,9474.636058
1242.139187,-229.828649,-0.000000,9474.636058
1242.139506,0.000000,-0.000000,9474.636058
1242.139825,-153.219100,296.082377,9474.636058
1242.140144,0.000000,-0.000000,9474.636058
1242.140463,-306.438199,-148.041188,9104.533087
1242.140781,0.000000,296.082377,9474.636058
1242.141100,0.000000,296.082377,9252.574275
1242.141419,0.000000,444.123565,9252.574275
1242.141738,-229.828649,-0.000000,9326.594869
1242.142056,536.266849,-0.000000,9474.636058
1242.142375,0.000000,296.082377,9104.533087
1242.142694,612.876398,666.185348,8882.471304
1242.143013,459.657299,666.185348,9178.553681
1242.143331,612.876398,666.185348,9104.533087
1242.143650,766.095498,444.123565,9030.512492
1242.143969,919.314598,740.205942,9104.533087
1242.144288,689.485948,666.185348,9178.553681
1242.144606,842.705048,888.247130,9030.512492
1242.144925,995.924147,740.205942,9178.553681
1242.145244,919.314598,740.205942,9252.574275
1242.145563,919.314598,740.205942,9104.533087
1242.145882,995.924147,518.144159,9104.533087
1242.146200,1149.143247,666.185348,9252.574275
1242.146519,1225.752797,666.185348,9474.636058
1242.146838,842.705048,592.164754,9252.574275
1242.147157,612.876398,296.082377,9178.553681
1242.147475,766.095498,518.144159,9326.594869
1242.147794,612.876398,370.102971,9252.574275
1242.148113,229.828649,148.041188,9178.553681
1242.148432,76.609550,296.082377,9252.574275
1242.148750,229.828649,518.144159,9474.636058
1242.149069,76.609550,296.082377,9474.636058
1242.149388,153.219100,370.102971,9474.636058
1242.149707,0.000000,296.082377,9474.636058
1242.150025,0.000000,370.102971,9474.636058
1242.150344,0.000000,222.061783,9178.553681
1242.150663,0.000000,222.061783,9326.594869
1242.150982,0.000000,370.102971,9548.656652
1242.151301,76.609550,370.102971,9622.677246
1242.151619,0.000000,222.061783,9474.636058
1242.151938,459.657299,444.123565,9474.636058
1242.152257,0.000000,222.061783,9474.636058
1242.152576,76.609550,370.102971,9178.553681
1242.152894,153.219100,370.102971,9252.574275
1242.153213,536.266849,666.185348,9178.553681
1242.153532,459.657299,518.144159,9326.594869
1242.153851,459.657299,666.185348,9252.574275
1242.154169,153.219100,370.102971,9178.553681
1242.154488,842.705048,444.123565,9178.553681
1242.154807,995.924147,370.102971,9104.533087
1242.155126,766.095498,370.102971,9178.553681
1242.155445,1149.143247,592.164754,9400.615463
1242.155763,612.876398,296.082377,9030.512492
1242.156082,919.314598,444.123565,9326.594869
1242.156401,919.314598,222.061783,9178.553681
1242.156720,612.876398,-0.000000,9178.553681
1242.157038,689.485948,-0.000000,9474.636058
1242.157357,689.485948,-0.000000,9104.533087
1242.157676,766.095498,222.061783,9326.594869
1242.157995,76.609550,-0.000000,9400.615463
1242.158313,766.095498,296.082377,9178.553681
1242.158632,459.657299,74.020594,9252.574275
1242.158951,306.438199,148.041188,9252.574275
1242.159270,153.219100,148.041188,9474.636058
1242.159588,76.609550,148.041188,8956.491898
1242.159907,0.000000,-148.041188,9178.553681
1242.160226,0.000000,-0.000000,9400.615463
1242.160545,0.000000,-0.000000,9474.636058
1242.160864,0.000000,222.061783,9326.594869
1242.161182,0.000000,296.082377,9474.636058
1242.161501,229.828649,296.082377,9178.553681
1242.161820,153.219100,296.082377,9474.636058
1242.162139,229.828649,370.102971,9104.533087
1242.162457,536.266849,444.123565,9104.533087
1242.162776,229.828649,592.164754,9252.574275
1242.163095,306.438199,444.123565,9178.553681
1242.163414,306.438199,518.144159,9400.615463
1242.163732,306.438199,666.185348,9252.574275
1242.164051,536.266849,592.164754,9178.553681
1242.164370,842.705048,666.185348,9104.533087
1242.164689,842.705048,666.185348,9326.594869
1242.165008,612.876398,518.144159,9326.594869
1242.165326,919.314598,444.123565,8956.491898
1242.165645,766.095498,592.164754,9030.512492
1242.165964,1149.143247,296.082377,9178.553681
1242.166283,1072.533697,370.102971,9104.533087
1242.166601,612.876398,444.123565,9252.574275
1242.166920,536.266849,592.164754,9326.594869
1242.167239,612.876398,444.123565,9252.574275
1242.167558,1072.533697,296.082377,9104.533087
1242.167876,153.219100,370.102971,9030.512492
1242.168195,229.828649,666.185348,9326.594869
1242.168514,383.047749,222.061783,9400.615463
1242.168833,306.438199,370.102971,9252.574275
1242.169151,153.219100,222.061783,9622.677246
1242.169470,153.219100,222.061783,9474.636058
1242.169789,306.438199,222.061783,9474.636058
1242.170108,153.219100,370.102971,9474.636058
1242.170427,383.047749,222.061783,9622.677246
1242.170745,383.047749,444.123565,9474.636058
1242.171064,0.000000,296.082377,9474.636058
1242.171383,536.266849,592.164754,9326.594869
1242.171702,306.438199,666.185348,9474.636058
1242.172020,383.047749,740.205942,9400.615463
1242.172339,459.657299,370.102971,9326.594869
1242.172658,153.219100,592.164754,9252.574275
1242.172977,383.047749,518.144159,9252.574275
1242.173295,536.266849,370.102971,9252.574275
1242.173614,229.828649,518.144159,9474.636058
1242.173933,383.047749,740.205942,9474.636058
1242.174252,612.876398,518.144159,9252.574275
1242.174571,766.095498,518.144159,9178.553681
1242.174889,229.828649,296.082377,9178.553681
1242.175208,612.876398,222.061783,8956.491898
1242.175527,459.657299,370.102971,9326.594869
1242.175846,306.438199,592.164754,9178.553681
1242.176164,459.657299,370.102971,9252.574275
1242.176483,383.047749,370.102971,9326.594869
1242.176802,459.657299,592.164754,9252.574275
1242.177121,383.047749,370.102971,9400.615463
1242.177439,536.266849,222.061783,9104.533087
1242.177758,459.657299,370.102971,9400.615463
1242.178077,229.828649,296.082377,9326.594869
1242.178396,306.438199,222.061783,9474.636058
1242.178714,153.219100,148.041188,9252.574275
1242.179033,76.609550,222.061783,9104.533087
1242.179352,153.219100,-0.000000,9252.574275
1242.179671,0.000000,296.082377,9400.615463
1242.179990,0.000000,-0.000000,9326.594869
1242.180308,-229.828649,-0.000000,9104.533087
1242.180627,76.609550,370.102971,9326.594869
1242.180946,306.438199,370.102971,9178.553681
1242.181265,612.876398,-0.000000,9548.656652
1242.181583,229.828649,370.102971,9178.553681
1242.181902,306.438199,370.102971,9178.553681
1242.182221,306.438199,444.123565,9178.553681
1242.182540,459.657299,370.102971,9178.553681
1242.182858,919.314598,518.144159,9104.533087
1242.183177,383.047749,444.123565,9178.553681
1242.183496,612.876398,370.102971,9104.533087
1242.183815,842.705048,666.185348,9104.533087
1242.184133,1072.533697,592.164754,8956.491898
1242.184452,689.485948,888.247130,9178.553681
1242.184771,842.705048,518.144159,9178.553681
1242.185090,689.485948,592.164754,9178.553681
1242.185409,842.705048,518.144159,9030.512492
1242.185727,995.924147,814.226536,9326.594869
1242.186046,995.924147,518.144159,9326.594869
1242.186365,919.314598,592.164754,9178.553681
1242.186684,689.485948,444.123565,9252.574275
1242.187002,995.924147,222.061783,9252.574275
1242.187321,689.485948,444.123565,9178.553681
1242.187640,612.876398,518.144159,9178.553681
1242.187959,536.266849,222.061783,9252.574275
1242.188277,689.485948,222.061783,9326.594869
1242.188596,459.657299,148.041188,9770.718434
1242.188915,383.047749,444.123565,9474.636058
1242.189234,306.438199,222.061783,9622.677246
1242.189552,153.219100,-0.000000,9474.636058
1242.189871,76.609550,148.041188,9474.636058
1242.190190,-229.828649,-296.082377,9474.636058
1242.190509,76.609550,370.102971,9474.636058
1242.190827,0.000000,148.041188,9474.636058
1242.191146,229.828649,296.082377,9474.636058
1242.191465,76.609550,222.061783,9474.636058
1242.191784,306.438199,222.061783,9474.636058
1242.192102,459.657299,222.061783,9400.615463
1242.192421,459.657299,444.123565,9474.636058
1242.192740,383.047749,148.041188,9252.574275
1242.193059,229.828649,518.144159,9400.615463
1242.193377,689.485948,-0.000000,9474.636058
1242.193696,536.266849,518.144159,9326.594869
1242.194015,612.876398,370.102971,9252.574275
1242.194334,536.266849,592.164754,9252.574275
1242.194652,766.095498,222.061783,9104.533087
1242.194971,919.314598,592.164754,9178.553681
1242.195290,842.705048,518.144159,9030.512492
1242.195609,689.485948,444.123565,9104.533087
1242.195928,919.314598,370.102971,8956.491898
1242.196246,1225.752797,518.144159,9252.574275
1242.196565,1149.143247,444.123565,9178.553681
1242.196884,689.485948,222.061783,9252.574275
1242.197203,689.485948,296.082377,9104.533087
1242.197521,842.705048,222.061783,8956.491898
1242.197840,459.657299,222.061783,9400.615463
1242.198159,842.705048,148.041188,9178.553681
1242.198478,842.705048,222.061783,9104.533087
1242.198796,612.876398,148.041188,9030.512492
1242.199115,306.438199,-0.000000,9252.574275
1242.199434,766.095498,-0.000000,9178.553681
1242.199753,229.828649,296.082377,9400.615463
1242.200071,-229.828649,-0.000000,9400.615463
1242.200390,0.000000,-0.000000,9326.594869
1242.200709,0.000000,-0.000000,9400.615463
1242.201028,0.000000,-0.000000,9474.636058
1242.201346,0.000000,222.061783,9326.594869
1242.201665,229.828649,296.082377,9252.574275
1242.201984,229.828649,370.102971,9178.553681
1242.202303,0.000000,-74.020594,9252.574275
1242.202621,153.219100,-0.000000,9474.636058
1242.202940,383.047749,444.123565,9104.533087
1242.203259,0.000000,370.102971,9104.533087
1242.203578,306.438199,592.164754,9252.574275
1242.203896,612.876398,592.164754,9178.553681
1242.204215,612.876398,592.164754,9104.533087
1242.204534,612.876398,666.185348,9104.533087
1242.204853,766.095498,740.205942,8956.491898
1242.205171,612.876398,592.164754,9104.533087
1242.205490,919.314598,296.082377,9030.512492
1242.205809,1072.533697,518.144159,8956.491898
1242.206128,689.485948,296.082377,9400.615463
1242.206446,689.485948,444.123565,9030.512492
1242.206765,689.485948,370.102971,9178.553681
1242.207084,842.705048,-0.000000,9400.615463
1242.207403,689.485948,444.123565,9252.574275
1242.207721,842.705048,370.102971,9178.553681
1242.208040,766.095498,296.082377,9178.553681
1242.208359,689.485948,-74.020594,9326.594869
1242.208678,0.000000,296.082377,9474.636058
1242.208996,689.485948,370.102971,9400.615463
1242.209315,459.657299,222.061783,9252.574275
1242.209634,383.047749,-0.000000,9474.636058
1242.209953,919.314598,148.041188,9252.574275
1242.210271,459.657299,-0.000000,9474.636058
1242.210590,383.047749,-0.000000,9474.636058
1242.210909,306.438199,-0.000000,9474.636058
1242.211228,306.438199,222.061783,9474.636058
1242.211546,383.047749,222.061783,9474.636058
1242.211865,76.609550,-0.000000,9548.656652
1242.212184,459.657299,148.041188,9400.615463
1242.212503,306.438199,444.123565,9400.615463
1242.212821,459.657299,296.082377,9326.594869
1242.213140,383.047749,-0.000000,9326.594869
1242.213459,459.657299,296.082377,9400.615463
1242.213778,536.266849,222.061783,9104.533087
1242.214096,766.095498,370.102971,9252.574275
1242.214415,919.314598,296.082377,9104.533087
1242.214734,383.047749,518.144159,9030.512492
1242.215053,536.266849,222.061783,9104.533087
1242.215371,536.266849,-0.000000,9104.533087
1242.215690,612.876398,444.123565,9252.574275
1242.216009,76.609550,222.061783,9326.594869
1242.216328,612.876398,444.123565,9178.553681
1242.216646,995.924147,444.123565,9104.533087
1242.216965,536.266849,444.123565,9178.553681
1242.217284,536.266849,518.144159,9178.553681
1242.217603,383.047749,370.102971,9326.594869
1242.217921,459.657299,518.144159,9400.615463
1242.218240,153.219100,148.041188,8956.491898
1242.218559,459.657299,-0.000000,9252.574275
1242.218878,766.095498,222.061783,9104.533087
1242.219196,306.438199,-0.000000,9104.533087
1242.219515,306.438199,-0.000000,9400.615463
1242.219834,0.000000,222.061783,9326.594869
1242.220153,153.219100,-0.000000,9178.553681
1242.220471,229.828649,222.061783,9400.615463
1242.220790,76.609550,148.041188,9252.574275
1242.221109,0.000000,370.102971,9252.574275
1242.221428,153.219100,296.082377,9104.533087
1242.221746,383.047749,296.082377,9104.533087
1242.222065,766.095498,370.102971,9326.594869
1242.222384,383.047749,592.164754,9400.615463
1242.222703,76.609550,444.123565,9104.533087
1242.223022,459.657299,518.144159,9030.512492
1242.223340,306.438199,740.205942,9252.574275
1242.223659,383.047749,518.144159,9104.533087
1242.223978,383.047749,666.185348,9178.553681
1242.224297,306.438199,592.164754,9030.512492
1242.224615,612.876398,370.102971,8956.491898
1242.224934,842.705048,444.123565,9326.594869
1242.225253,689.485948,666.185348,9104.533087
1242.225572,536.266849,666.185348,9252.574275
1242.225890,689.485948,666.185348,9104.533087
1242.226209,919.314598,1036.288319,9326.594869
1242.226528,612.876398,592.164754,9326.594869
1242.226847,689.485948,740.205942,9326.594869
1242.227165,919.314598,592.164754,9178.553681
1242.227484,536.266849,444.123565,9400.615463
1242.227803,1149.143247,444.123565,9474.636058
1242.228122,842.705048,-0.000000,9400.615463
1242.228440,536.266849,444.123565,9400.615463
1242.228759,383.047749,148.041188,9326.594869
1242.229078,306.438199,444.123565,9252.574275
1242.229397,459.657299,370.102971,9326.594869
1242.229715,383.047749,222.061783,9474.636058
1242.230034,229.828649,-0.000000,9622.677246
1242.230353,0.000000,-0.000000,9326.594869
1242.230672,229.828649,-0.000000,9548.656652
1242.230990,229.828649,222.061783,9474.636058
1242.231309,153.219100,-0.000000,9400.615463
1242.231628,383.047749,444.123565,9474.636058
1242.231947,383.047749,370.102971,9474.636058
1242.232265,383.047749,370.102971,9400.615463
1242.232584,1072.533697,444.123565,9622.677246
1242.232903,536.266849,222.061783,9326.594869
1242.233222,459.657299,370.102971,9326.594869
1242.233540,459.657299,370.102971,9252.574275
1242.233859,459.657299,296.082377,9326.594869
1242.234178,689.485948,148.041188,9474.636058
1242.234497,995.924147,518.144159,9178.553681
1242.234815,766.095498,592.164754,9400.615463
1242.235134,612.876398,444.123565,9252.574275
1242.235453,766.095498,370.102971,9104.533087
1242.235772,689.485948,296.082377,9252.574275
1242.236090,766.095498,296.082377,9178.553681
1242.236409,689.485948,296.082377,9178.553681
1242.236728,842.705048,518.144159,9252.574275
1242.237047,383.047749,296.082377,9326.594869
1242.237365,689.485948,444.123565,9178.553681
1242.237684,459.657299,148.041188,9178.553681
1242.238003,229.828649,222.061783,8882.471304
1242.238322,459.657299,296.082377,9178.553681
1242.238640,689.485948,296.082377,9030.512492
1242.238959,229.828649,296.082377,9178.553681
1242.239278,76.609550,296.082377,9252.574275
1242.239597,0.000000,148.041188,9178.553681
1242.239915,153.219100,148.041188,9326.594869
1242.240234,-153.219100,370.102971,9252.574275
1242.240553,0.000000,370.102971,9326.594869
1242.240872,76.609550,296.082377,8956.491898
1242.241190,0.000000,148.041188,9326.594869
1242.241509,0.000000,370.102971,9326.594869
1242.241828,0.000000,370.102971,9400.615463
1242.242147,76.609550,296.082377,9326.594869
1242.242465,229.828649,296.082377,9104.533087
1242.242784,76.609550,370.102971,9178.553681
1242.243103,76.609550,370.102971,9326.594869
1242.243422,306.438199,518.144159,9104.533087
1242.243740,306.438199,444.123565,8808.450710
1242.244059,689.485948,888.247130,9104.533087
1242.244378,612.876398,444.123565,9104.533087
1242.244697,689.485948,666.185348,9400.615463
1242.245015,689.485948,666.185348,8956.491898
1242.245334,536.266849,740.205942,9252.574275
1242.245653,766.095498,814.226536,9326.594869
1242.245972,919.314598,740.205942,9178.553681
1242.246290,1072.533697,814.226536,9252.574275
1242.246609,766.095498,518.144159,9030.512492
1242.246928,1225.752797,592.164754,9104.533087
1242.247247,1149.143247,592.164754,9252.574275
1242.247565,1225.752797,592.164754,9104.533087
1242.247884,766.095498,444.123565,9326.594869
1242.248203,689.485948,666.185348,9326.594869
1242.248522,766.095498,444.123565,9178.553681
1242.248840,612.876398,296.082377,9178.553681
1242.249159,536.266849,296.082377,9474.636058
1242.249478,383.047749,296.082377,9326.594869
1242.249797,383.047749,222.061783,9474.636058
1242.250115,153.219100,296.082377,9696.697840
1242.250434,76.609550,-0.000000,9474.636058
1242.250753,76.609550,518.144159,9696.697840
1242.251072,76.609550,592.164754,9622.677246
1242.251391,229.828649,296.082377,9474.636058
1242.251709,0.000000,296.082377,9474.636058
1242.252028,76.609550,148.041188,9696.697840
1242.252347,153.219100,296.082377,9474.636058
1242.252666,153.219100,370.102971,9474.636058
1242.252984,383.047749,222.061783,9400.615463
1242.253303,459.657299,444.123565,9474.636058
1242.253622,766.095498,1110.308913,9474.636058
1242.253941,153.219100,518.144159,9400.615463
1242.254259,459.657299,370.102971,9104.533087
1242.254578,536.266849,444.123565,9252.574275
1242.254897,459.657299,222.061783,9252.574275
1242.255216,459.657299,222.061783,9178.553681
1242.255534,459.657299,370.102971,9178.553681
1242.255853,612.876398,370.102971,9326.594869
1242.256172,689.485948,222.061783,9178.553681
1242.256491,689.485948,592.164754,9178.553681
1242.256809,153.219100,-0.000000,9474.636058
1242.257128,612.876398,296.082377,9326.594869
1242.257447,766.095498,222.061783,9030.512492
1242.257766,766.095498,222.061783,9252.574275
1242.258084,383.047749,296.082377,9326.594869
1242.258403,459.657299,222.061783,9178.553681
1242.258722,536.266849,222.061783,9326.594869
1242.259041,459.657299,-0.000000,9178.553681
1242.259359,689.485948,-0.000000,9104.533087
1242.259678,383.047749,148.041188,9252.574275
1242.259997,0.000000,-0.000000,9252.574275
1242.260316,306.438199,296.082377,9030.512492
1242.260634,0.000000,222.061783,9474.636058
1242.260953,229.828649,-0.000000,9178.553681
1242.261272,-153.219100,148.041188,9548.656652
1242.261591,76.609550,148.041188,9252.574275
1242.261909,76.609550,370.102971,9178.553681
1242.262228,0.000000,370.102971,9178.553681
1242.262547,76.609550,444.123565,9104.533087
1242.262866,0.000000,370.102971,9104.533087
1242.263184,0.000000,370.102971,8956.491898
1242.263503,459.657299,592.164754,8956.491898
1242.263822,306.438199,592.164754,9178.553681
1242.264141,306.438199,666.185348,9104.533087
1242.264459,306.438199,666.185348,9104.533087
1242.264778,383.047749,592.164754,9104.533087
1242.265097,536.266849,740.205942,8956.491898
1242.265416,536.266849,740.205942,9178.553681
1242.265734,306.438199,814.226536,9178.553681
1242.266053,612.876398,444.123565,9252.574275
1242.266372,536.266849,518.144159,9104.533087
1242.266691,229.828649,592.164754,9400.615463
1242.267009,459.657299,370.102971,9400.615463
1242.267328,459.657299,740.205942,9474.636058
1242.267647,536.266849,518.144159,9178.553681
1242.267966,995.924147,592.164754,9326.594869
1242.268284,689.485948,740.205942,9326.594869
1242.268603,689.485948,518.144159,9326.594869
1242.268922,919.314598,370.102971,9474.636058
1242.269241,459.657299,518.144159,9474.636058
1242.269559,153.219100,148.041188,9326.594869
1242.269878,306.438199,296.082377,9400.615463
1242.270197,536.266849,222.061783,9548.656652
1242.270516,383.047749,296.082377,9474.636058
1242.270834,229.828649,296.082377,9696.697840
1242.271153,306.438199,444.123565,9474.636058
1242.271472,229.828649,222.061783,9474.636058
1242.271791,612.876398,296.082377,9326.594869
1242.272109,306.438199,444.123565,9474.636058
1242.272428,612.876398,518.144159,9252.574275
1242.272747,459.657299,592.164754,9474.636058
1242.273066,383.047749,296.082377,9622.677246
1242.273384,383.047749,518.144159,9326.594869
1242.273703,766.095498,518.144159,9252.574275
1242.274022,536.266849,518.144159,9400.615463
1242.274341,612.876398,296.082377,9178.553681
1242.274659,766.095498,296.082377,9326.594869
1242.274978,842.705048,592.164754,9178.553681
1242.275297,459.657299,518.144159,9178.553681
1242.275616,383.047749,518.144159,9178.553681
1242.275934,536.266849,444.123565,9178.553681
1242.276253,536.266849,296.082377,9178.553681
1242.276572,536.266849,592.164754,9178.553681
1242.276891,842.705048,370.102971,9104.533087
1242.277209,689.485948,296.082377,9178.553681
1242.277528,1072.533697,370.102971,9178.553681
1242.277847,612.876398,296.082377,9178.553681
1242.278166,459.657299,222.061783,9104.533087
1242.278484,689.485948,148.041188,9178.553681
1242.278803,536.266849,-0.000000,9178.553681
1242.279122,536.266849,222.061783,9252.574275
1242.279441,459.657299,-0.000000,9474.636058
1242.279760,919.314598,-0.000000,9030.512492
1242.280078,306.438199,-0.000000,9326.594869
1242.280397,153.219100,-0.000000,9326.594869
1242.280716,153.219100,-0.000000,9326.594869
1242.281035,229.828649,-0.000000,9474.636058
1242.281353,76.609550,148.041188,9252.574275
1242.281672,76.609550,-0.000000,9326.594869
1242.281991,153.219100,148.041188,9400.615463
1242.282310,383.047749,-0.000000,9474.636058
1242.282628,0.000000,-0.000000,9030.512492
1242.282947,229.828649,74.020594,9252.574275
1242.283266,229.828649,222.061783,9400.615463
1242.283585,383.047749,370.102971,8956.491898
1242.283903,383.047749,222.061783,9474.636058
1242.284222,459.657299,370.102971,9030.512492
1242.284541,536.266849,592.164754,9252.574275
1242.284860,689.485948,592.164754,9030.512492
1242.285178,842.705048,518.144159,9178.553681
1242.285497,1302.362347,296.082377,9030.512492
1242.285816,842.705048,666.185348,9030.512492
1242.286135,536.266849,296.082377,9104.533087
1242.286453,459.657299,740.205942,9030.512492
1242.286772,689.485948,518.144159,8956.491898
1242.287091,689.485948,370.102971,9178.553681
1242.287410,689.485948,518.144159,9252.574275
1242.287728,612.876398,592.164754,9178.553681
1242.288047,459.657299,592.164754,9252.574275
1242.288366,766.095498,370.102971,9326.594869
1242.288685,459.657299,592.164754,9030.512492
1242.289004,229.828649,592.164754,9400.615463
1242.289322,536.266849,370.102971,9252.574275
1242.289641,459.657299,296.082377,9400.615463
1242.289960,919.314598,222.061783,9548.656652
1242.290279,153.219100,222.061783,9622.677246
1242.290598,306.438199,-0.000000,9474.636058
1242.290916,229.828649,222.061783,9474.636058
1242.291235,153.219100,148.041188,9622.677246
1242.291554,383.047749,148.041188,9696.697840
1242.291873,229.828649,148.041188,9474.636058
1242.292192,229.828649,444.123565,9474.636058
1242.292510,459.657299,444.123565,9548.656652
1242.292829,459.657299,444.123565,9400.615463
1242.293148,459.657299,740.205942,9474.636058
1242.293467,536.266849,444.123565,9474.636058
1242.293785,536.266849,518.144159,9400.615463
1242.294104,689.485948,518.144159,9400.615463
1242.294423,689.485948,518.144159,9400.615463
1242.294742,536.266849,592.164754,9474.636058
1242.295061,459.657299,666.185348,9252.574275
1242.295379,1149.143247,592.164754,9104.533087
1242.295698,842.705048,592.164754,9252.574275
1242.296017,919.314598,666.185348,9252.574275
1242.296336,766.095498,370.102971,9104.533087
1242.296655,919.314598,592.164754,9326.594869
1242.296973,842.705048,444.123565,9104.533087
1242.297292,842.705048,518.144159,9400.615463
1242.297611,842.705048,518.144159,9400.615463
1242.297930,919.314598,296.082377,9104.533087
1242.298249,536.266849,222.061783,9178.553681
1242.298567,842.705048,370.102971,9104.533087
1242.298886,689.485948,148.041188,8882.471304
1242.299205,766.095498,148.041188,9178.553681
1242.299524,919.314598,370.102971,9104.533087
1242.299843,383.047749,370.102971,9030.512492
1242.300161,76.609550,-0.000000,9030.512492
1242.300480,153.219100,-0.000000,9252.574275
1242.300799,0.000000,-0.000000,9326.594869
1242.301118,0.000000,222.061783,9252.574275
1242.301436,-306.438199,-222.061783,9400.615463
1242.301755,153.219100,-0.000000,9178.553681
1242.302074,383.047749,-0.000000,9252.574275
1242.302393,153.219100,222.061783,9252.574275
1242.302712,0.000000,222.061783,9104.533087
1242.303030,0.000000,-0.000000,9104.533087
1242.303349,229.828649,370.102971,9104.533087
1242.303668,306.438199,222.061783,9178.553681
1242.303987,76.609550,-0.000000,9030.512492
1242.304306,459.657299,444.123565,9178.553681
1242.304624,842.705048,444.123565,8956.491898
1242.304943,995.924147,444.123565,8956.491898
1242.305262,766.095498,370.102971,9104.533087
1242.305581,689.485948,444.123565,9178.553681
1242.305900,689.485948,592.164754,8956.491898
1242.306218,842.705048,444.123565,9030.512492
1242.306537,1072.533697,444.123565,9326.594869
1242.306856,1225.752797,444.123565,9178.553681
1242.307175,1072.533697,296.082377,9326.594869
1242.307493,1149.143247,370.102971,9178.553681
1242.307812,1072.533697,740.205942,9252.574275
1242.308131,919.314598,-0.000000,9104.533087
1242.308450,919.314598,370.102971,9474.636058
1242.308769,766.095498,148.041188,9326.594869
1242.309087,689.485948,-0.000000,9326.594869
1242.309406,459.657299,296.082377,9252.574275
1242.309725,689.485948,296.082377,9548.656652
1242.310044,229.828649,222.061783,9474.636058
1242.310363,153.219100,222.061783,9622.677246
1242.310681,0.000000,148.041188,9548.656652
1242.311000,153.219100,-0.000000,9844.739029
1242.311319,0.000000,-0.000000,9474.636058
1242.311638,0.000000,148.041188,9474.636058
1242.311957,0.000000,148.041188,9474.636058
1242.312275,76.609550,148.041188,9474.636058
1242.312594,459.657299,-0.000000,9548.656652
1242.312913,153.219100,296.082377,9474.636058
1242.313232,0.000000,444.123565,9474.636058
1242.313551,76.609550,444.123565,9400.615463
1242.313869,383.047749,370.102971,9326.594869
1242.314188,306.438199,666.185348,9474.636058
1242.314507,459.657299,518.144159,9104.533087
1242.314826,383.047749,814.226536,9178.553681
1242.315144,459.657299,740.205942,9178.553681
1242.315463,536.266849,518.144159,9252.574275
1242.315782,689.485948,592.164754,9400.615463
1242.316101,459.657299,666.185348,9178.553681
1242.316420,459.657299,444.123565,9104.533087
1242.316738,536.266849,444.123565,9104.533087
1242.317057,766.095498,666.185348,9104.533087
1242.317376,536.266849,444.123565,9252.574275
1242.317695,1225.752797,740.205942,9104.533087
1242.318014,459.657299,592.164754,9104.533087
1242.318332,995.924147,518.144159,9030.512492
1242.318651,1072.533697,518.144159,9474.636058
1242.318970,842.705048,444.123565,9252.574275
1242.319289,612.876398,148.041188,8956.491898
1242.319608,459.657299,296.082377,9030.512492
1242.319926,1072.533697,296.082377,9178.553681
1242.320245,383.047749,444.123565,9178.553681
1242.320564,153.219100,-0.000000,9030.512492
1242.320883,536.266849,222.061783,9178.553681
1242.321202,153.219100,-0.000000,9252.574275
1242.321520,0.000000,222.061783,9252.574275
1242.321839,0.000000,-0.000000,9326.594869
1242.322158,0.000000,222.061783,9400.615463
1242.322477,0.000000,296.082377,9326.594869
1242.322795,0.000000,-0.000000,9252.574275
1242.323114,536.266849,444.123565,9326.594869
1242.323433,0.000000,370.102971,9326.594869
1242.323752,0.000000,296.082377,9400.615463
1242.324071,459.657299,592.164754,9030.512492
1242.324389,383.047749,518.144159,9252.574275
1242.324708,76.609550,222.061783,9474.636058
1242.325027,306.438199,444.123565,9178.553681
1242.325346,153.219100,444.123565,9178.553681
1242.325665,459.657299,518.144159,9030.512492
1242.325983,536.266849,370.102971,9104.533087
1242.326302,536.266849,444.123565,9030.512492
1242.326621,689.485948,888.247130,9178.553681
1242.326940,383.047749,444.123565,9178.553681
1242.327259,536.266849,444.123565,9104.533087
1242.327577,1072.533697,518.144159,9104.533087
1242.327896,842.705048,518.144159,9178.553681
1242.328215,766.095498,444.123565,9178.553681
1242.328534,689.485948,518.144159,9326.594869
1242.328853,612.876398,370.102971,9178.553681
1242.329171,459.657299,518.144159,9474.636058
1242.329490,306.438199,148.041188,9252.574275
1242.329809,536.266849,370.102971,9474.636058
1242.330128,383.047749,-0.000000,9252.574275
1242.330446,229.828649,-0.000000,9326.594869
1242.330765,76.609550,296.082377,9400.615463
1242.331084,229.828649,222.061783,9548.656652
1242.331403,229.828649,370.102971,9474.636058
1242.331722,76.609550,370.102971,9474.636058
1242.332040,0.000000,222.061783,9548.656652
1242.332359,0.000000,296.082377,9474.636058
1242.332678,229.828649,518.144159,9474.636058
1242.332997,306.438199,296.082377,9400.615463
1242.333316,383.047749,444.123565,9474.636058
1242.333634,459.657299,370.102971,9474.636058
1242.333953,612.876398,518.144159,9400.615463
1242.334272,459.657299,666.185348,9400.615463
1242.334591,459.657299,518.144159,9326.594869
1242.334910,229.828649,370.102971,9252.574275
1242.335228,459.657299,370.102971,9400.615463
1242.335547,536.266849,518.144159,9178.553681
1242.335866,612.876398,370.102971,9104.533087
1242.336185,612.876398,740.205942,9178.553681
1242.336503,459.657299,444.123565,9104.533087
1242.336822,919.314598,592.164754,9178.553681
1242.337141,842.705048,666.185348,9178.553681
1242.337460,689.485948,518.144159,9104.533087
1242.337779,229.828649,592.164754,9104.533087
1242.338097,995.924147,740.205942,9104.533087
1242.338416,689.485948,444.123565,9030.512492
1242.338735,689.485948,296.082377,9178.553681
1242.339054,383.047749,518.144159,9178.553681
1242.339373,459.657299,-0.000000,9252.574275
1242.339691,536.266849,222.061783,9326.594869
1242.340010,0.000000,148.041188,9326.594869
1242.340329,0.000000,296.082377,9400.615463
1242.340648,0.000000,-0.000000,9252.574275
1242.340967,153.219100,-0.000000,9400.615463
1242.341285,-229.828649,-0.000000,9474.636058
1242.341604,0.000000,-0.000000,9474.636058
1242.341923,0.000000,-0.000000,9400.615463
1242.342242,0.000000,222.061783,9252.574275
1242.342561,536.266849,222.061783,9474.636058
1242.342879,383.047749,592.164754,9696.697840
1242.343198,0.000000,222.061783,9252.574275
1242.343517,76.609550,740.205942,9474.636058
1242.343836,153.219100,370.102971,9104.533087
1242.344154,306.438199,370.102971,9030.512492
1242.344473,306.438199,592.164754,9178.553681
1242.344792,536.266849,592.164754,9474.636058
1242.345111,766.095498,592.164754,9104.533087
1242.345430,689.485948,518.144159,9104.533087
1242.345748,612.876398,666.185348,9326.594869
1242.346067,689.485948,962.267725,9326.594869
1242.346386,536.266849,592.164754,9400.615463
1242.346705,1149.143247,444.123565,9104.533087
1242.347024,919.314598,592.164754,9326.594869
1242.347342,766.095498,666.185348,9474.636058
1242.347661,1072.533697,592.164754,9104.533087
1242.347980,1072.533697,592.164754,8956.491898
1242.348299,842.705048,592.164754,9104.533087
1242.348618,1225.752797,370.102971,9030.512492
1242.348936,459.657299,370.102971,8882.471304
1242.349255,842.705048,296.082377,9104.533087
1242.349574,689.485948,444.123565,9326.594869
1242.349893,536.266849,296.082377,9400.615463
1242.350212,536.266849,296.082377,9326.594869
1242.350530,459.657299,148.041188,9474.636058
1242.350849,383.047749,296.082377,9474.636058
1242.351168,229.828649,-0.000000,9474.636058
1242.351487,153.219100,148.041188,9474.636058
1242.351805,306.438199,-0.000000,9030.512492
1242.352124,306.438199,296.082377,9696.697840
1242.352443,229.828649,148.041188,9252.574275
1242.352762,76.609550,74.020594,9400.615463
1242.353081,76.609550,296.082377,9178.553681
1242.353399,-306.438199,148.041188,9030.512492
1242.353718,0.000000,370.102971,9252.574275
1242.354037,153.219100,296.082377,9400.615463
1242.354356,229.828649,370.102971,9252.574275
1242.354675,0.000000,444.123565,9252.574275
1242.354993,536.266849,370.102971,9474.636058
1242.355312,459.657299,296.082377,9178.553681
1242.355631,842.705048,592.164754,9326.594869
1242.355950,383.047749,444.123565,9252.574275
1242.356269,229.828649,296.082377,9178.553681
1242.356587,766.095498,518.144159,9326.594869
1242.356906,612.876398,740.205942,9326.594869
1242.357225,689.485948,518.144159,9104.533087
1242.357544,766.095498,444.123565,9030.512492
1242.357862,689.485948,-0.000000,8660.409521
1242.358181,766.095498,296.082377,9178.553681
1242.358500,1149.143247,296.082377,8956.491898
1242.358819,842.705048,370.102971,9326.594869
1242.359138,919.314598,296.082377,9178.553681
1242.359456,536.266849,222.061783,9104.533087
1242.359775,612.876398,222.061783,9178.553681
1242.360094,229.828649,296.082377,9252.574275
1242.360413,383.047749,222.061783,9326.594869
1242.360732,229.828649,296.082377,9474.636058
1242.361050,153.219100,148.041188,9326.594869
1242.361369,229.828649,74.020594,9400.615463
1242.361688,0.000000,222.061783,9400.615463
1242.362007,76.609550,-0.000000,9326.594869
1242.362326,306.438199,-148.041188,9104.533087
1242.362644,0.000000,222.061783,9252.574275
1242.362963,76.609550,296.082377,9104.533087
1242.363282,76.609550,296.082377,9178.553681
1242.363601,153.219100,444.123565,9474.636058
1242.363920,0.000000,370.102971,9252.574275
1242.364238,0.000000,518.144159,9178.553681
1242.364557,459.657299,370.102971,9030.512492
1242.364876,306.438199,518.144159,9178.553681
1242.365195,1072.533697,370.102971,9178.553681
1242.365513,76.609550,518.144159,8956.491898
1242.365832,153.219100,444.123565,9400.615463
1242.366151,229.828649,444.123565,9252.574275
1242.366470,459.657299,592.164754,9030.512492
1242.366789,919.314598,740.205942,9178.553681
1242.367107,612.876398,740.205942,9326.594869
1242.367426,689.485948,666.185348,9104.533087
1242.367745,536.266849,740.205942,9252.574275
1242.368064,612.876398,814.226536,9104.533087
1242.368383,995.924147,518.144159,9474.636058
1242.368701,689.485948,592.164754,9104.533087
1242.369020,689.485948,444.123565,9400.615463
1242.369339,612.876398,370.102971,9104.533087
1242.369658,612.876398,222.061783,9178.553681
1242.369977,536.266849,296.082377,9474.636058
1242.370295,612.876398,296.082377,9474.636058
1242.370614,689.485948,370.102971,9474.636058
1242.370933,459.657299,296.082377,9474.636058
1242.371252,612.876398,222.061783,9474.636058
1242.371571,536.266849,222.061783,10066.800811
1242.371889,459.657299,296.082377,9474.636058
1242.372208,306.438199,-0.000000,9474.636058
1242.372527,459.657299,296.082377,9474.636058
1242.372846,459.657299,148.041188,9326.594869
1242.373164,383.047749,444.123565,9400.615463
1242.373483,306.438199,296.082377,9474.636058
1242.373802,536.266849,222.061783,9400.615463
1242.374121,459.657299,296.082377,9400.615463
1242.374440,383.047749,592.164754,9474.636058
1242.374758,459.657299,296.082377,9252.574275
1242.375077,383.047749,444.123565,9474.636058
1242.375396,459.657299,296.082377,9178.553681
1242.375715,536.266849,296.082377,9326.594869
1242.376034,919.314598,-0.000000,9400.615463
1242.376352,766.095498,518.144159,9252.574275
1242.376671,383.047749,370.102971,9178.553681
1242.376990,536.266849,296.082377,9326.594869
1242.377309,842.705048,296.082377,9178.553681
1242.377628,689.485948,370.102971,9326.594869
1242.377946,842.705048,518.144159,9252.574275
1242.378265,689.485948,666.185348,9030.512492
1242.378584,612.876398,592.164754,9030.512492
1242.378903,612.876398,518.144159,8956.491898
1242.379221,689.485948,222.061783,9030.512492
1242.379540,689.485948,370.102971,8956.491898
1242.379859,612.876398,222.061783,9104.533087
1242.380178,306.438199,296.082377,9030.512492
1242.380497,153.219100,-0.000000,8956.491898
1242.380815,0.000000,-0.000000,9178.553681
1242.381134,0.000000,148.041188,9030.512492
1242.381453,0.000000,222.061783,9252.574275
1242.381772,76.609550,-0.000000,9030.512492
1242.382091,76.609550,444.123565,9400.615463
1242.382409,0.000000,-0.000000,9326.594869
1242.382728,0.000000,-0.000000,9326.594869
1242.383047,0.000000,-0.000000,9178.553681
1242.383366,0.000000,370.102971,9400.615463
1242.383685,0.000000,148.041188,9252.574275
1242.384003,0.000000,444.123565,9400.615463
1242.384322,76.609550,370.102971,9030.512492
1242.384641,459.657299,296.082377,9104.533087
1242.384960,995.924147,740.205942,9178.553681
1242.385279,459.657299,666.185348,9178.553681
1242.385597,612.876398,592.164754,9400.615463
1242.385916,766.095498,592.164754,9252.574275
1242.386235,536.266849,666.185348,9252.574275
1242.386554,536.266849,740.205942,9400.615463
1242.386872,536.266849,592.164754,9178.553681
1242.387191,766.095498,740.205942,9178.553681
1242.387510,689.485948,444.123565,9326.594869
1242.387829,306.438199,296.082377,9030.512492
1242.388148,766.095498,592.164754,9326.594869
1242.388466,766.095498,518.144159,9400.615463
1242.388785,612.876398,444.123565,9252.574275
1242.389104,1072.533697,666.185348,9474.636058
1242.389423,842.705048,-0.000000,9030.512492
1242.389742,766.095498,370.102971,9400.615463
1242.390061,689.485948,444.123565,9474.636058
1242.390379,689.485948,222.061783,9326.594869
1242.390698,383.047749,-0.000000,9252.574275
1242.391017,689.485948,222.061783,9400.615463
1242.391336,229.828649,74.020594,9326.594869
1242.391655,459.657299,-0.000000,9474.636058
1242.391973,229.828649,-0.000000,9474.636058
1242.392292,306.438199,370.102971,9400.615463
1242.392611,153.219100,-0.000000,9474.636058
1242.392930,76.609550,74.020594,9326.594869
1242.393249,76.609550,296.082377,9400.615463
1242.393568,229.828649,-0.000000,9326.594869
1242.393886,1072.533697,222.061783,9400.615463
1242.394205,459.657299,148.041188,9474.636058
1242.394524,306.438199,444.123565,9104.533087
1242.394843,459.657299,444.123565,9178.553681
1242.395162,383.047749,518.144159,9252.574275
1242.395481,383.047749,-74.020594,8882.471304
1242.395799,842.705048,592.164754,8956.491898
1242.396118,612.876398,370.102971,9030.512492
1242.396437,536.266849,222.061783,8956.491898
1242.396756,536.266849,444.123565,8882.471304
1242.397075,612.876398,148.041188,9104.533087
1242.397393,536.266849,296.082377,9030.512492
1242.397712,689.485948,370.102971,8734.430116
1242.398031,766.095498,518.144159,8956.491898
1242.398350,689.485948,370.102971,9178.553681
1242.398669,995.924147,296.082377,9252.574275
1242.398988,766.095498,444.123565,9178.553681
1242.399306,612.876398,444.123565,8882.471304
1242.399625,766.095498,296.082377,8956.491898
1242.399944,689.485948,148.041188,9030.512492
1242.400263,689.485948,-74.020594,9252.574275
1242.400582,612.876398,148.041188,9178.553681
1242.400900,153.219100,-0.000000,8882.471304
1242.401219,459.657299,-0.000000,9178.553681
1242.401538,229.828649,-0.000000,9252.574275
1242.401857,0.000000,222.061783,9400.615463
1242.402176,306.438199,148.041188,9474.636058
1242.402495,76.609550,222.061783,9178.553681
1242.402813,0.000000,-0.000000,9474.636058
1242.403132,0.000000,-74.020594,9178.553681
1242.403451,0.000000,222.061783,9400.615463
1242.403770,0.000000,296.082377,9400.615463
1242.404089,306.438199,370.102971,9400.615463
1242.404408,76.609550,222.061783,9252.574275
1242.404726,306.438199,518.144159,9326.594869
1242.405045,459.657299,444.123565,9178.553681
1242.405364,383.047749,592.164754,9252.574275
1242.405683,536.266849,518.144159,9178.553681
1242.406002,536.266849,592.164754,9104.533087
1242.406320,612.876398,592.164754,9326.594869
1242.406639,689.485948,740.205942,9400.615463
1242.406958,919.314598,814.226536,9178.553681
1242.407277,689.485948,814.226536,9252.574275
1242.407596,536.266849,444.123565,9178.553681
1242.407915,1149.143247,740.205942,9548.656652
1242.408233,766.095498,666.185348,9178.553681
1242.408552,612.876398,666.185348,9104.533087
1242.408871,919.314598,370.102971,9252.574275
1242.409190,766.095498,666.185348,9326.594869
1242.409509,1302.362347,370.102971,9400.615463
1242.409828,842.705048,740.205942,9474.636058
1242.410146,306.438199,148.041188,9252.574275
1242.410465,612.876398,444.123565,9252.574275
1242.410784,459.657299,370.102971,9326.594869
1242.411103,689.485948,222.061783,9400.615463
1242.411422,306.438199,148.041188,9474.636058
1242.411740,306.438199,444.123565,9474.636058
1242.412059,153.219100,370.102971,9770.718434
1242.412378,153.219100,370.102971,9548.656652
1242.412697,0.000000,518.144159,9548.656652
1242.413016,0.000000,370.102971,9770.718434
1242.413335,153.219100,296.082377,9474.636058
1242.413653,459.657299,222.061783,9474.636058
1242.413972,0.000000,296.082377,9696.697840
1242.414291,306.438199,518.144159,9548.656652
1242.414610,306.438199,370.102971,9474.636058
1242.414929,153.219100,444.123565,9548.656652
1242.415248,612.876398,370.102971,9474.636058
1242.415566,689.485948,666.185348,9326.594869
1242.415885,459.657299,222.061783,9474.636058
1242.416204,612.876398,666.185348,9400.615463
1242.416523,383.047749,296.082377,9326.594869
1242.416842,459.657299,296.082377,9326.594869
1242.417160,459.657299,444.123565,9474.636058
1242.417479,306.438199,518.144159,9474.636058
1242.417798,383.047749,444.123565,9252.574275
1242.418117,689.485948,370.102971,9548.656652
1242.418436,383.047749,-0.000000,9178.553681
1242.418755,766.095498,370.102971,9252.574275
1242.419073,459.657299,222.061783,9400.615463
1242.419392,536.266849,296.082377,9104.533087
1242.419711,306.438199,-0.000000,9326.594869
1242.420030,612.876398,296.082377,9104.533087
1242.420349,612.876398,-0.000000,9104.533087
1242.420668,459.657299,-0.000000,9178.553681
1242.420986,459.657299,-0.000000,9104.533087
1242.421305,229.828649,222.061783,8882.471304
1242.421624,306.438199,296.082377,9400.615463
1242.421943,153.219100,222.061783,9252.574275
1242.422262,153.219100,148.041188,9400.615463
1242.422580,229.828649,-0.000000,9474.636058
1242.422899,153.219100,148.041188,9326.594869
1242.423218,229.828649,370.102971,9104.533087
1242.423537,153.219100,370.102971,9104.533087
1242.423856,76.609550,148.041188,9030.512492
1242.424175,153.219100,518.144159,9104.533087
1242.424493,153.219100,370.102971,8882.471304
1242.424812,536.266849,518.144159,8956.491898
1242.425131,536.266849,592.164754,8734.430116
1242.425450,612.876398,592.164754,8882.471304
1242.425769,536.266849,666.185348,8956.491898
1242.426087,459.657299,666.185348,8956.491898
1242.426406,459.657299,666.185348,8956.491898
1242.426725,383.047749,814.226536,9030.512492
1242.427044,612.876398,666.185348,9030.512492
1242.427363,995.924147,592.164754,9178.553681
1242.427682,612.876398,666.185348,9178.553681
1242.428000,612.876398,666.185348,8956.491898
1242.428319,536.266849,592.164754,9030.512492
1242.428638,689.485948,740.205942,9178.553681
1242.428957,1302.362347,444.123565,9400.615463
1242.429276,536.266849,518.144159,9326.594869
1242.429595,306.438199,296.082377,9326.594869
1242.429913,766.095498,444.123565,9400.615463
1242.430232,612.876398,444.123565,9326.594869
1242.430551,536.266849,-0.000000,9474.636058
1242.430870,612.876398,370.102971,9474.636058
1242.431189,612.876398,296.082377,9474.636058
1242.431507,153.219100,222.061783,9548.656652
1242.431826,0.000000,148.041188,9770.718434
1242.432145,0.000000,296.082377,9844.739029
1242.432464,229.828649,444.123565,9696.697840
1242.432783,-76.609550,222.061783,9770.718434
1242.433102,0.000000,148.041188,9622.677246
1242.433420,229.828649,222.061783,9474.636058
1242.433739,153.219100,444.123565,9622.677246
1242.434058,76.609550,222.061783,9548.656652
1242.434377,153.219100,444.123565,9474.636058
1242.434696,229.828649,444.123565,9474.636058
1242.435015,229.828649,370.102971,9474.636058
1242.435333,612.876398,518.144159,9474.636058
1242.435652,383.047749,370.102971,9400.615463
1242.435971,536.266849,740.205942,9400.615463
1242.436290,459.657299,444.123565,9252.574275
1242.436609,612.876398,296.082377,9178.553681
1242.436927,536.266849,518.144159,9326.594869
1242.437246,536.266849,592.164754,9178.553681
1242.437565,766.095498,222.061783,9030.512492
1242.437884,1072.533697,296.082377,9104.533087
1242.438203,612.876398,740.205942,9252.574275
1242.438522,612.876398,370.102971,9326.594869
1242.438840,919.314598,370.102971,9104.533087
1242.439159,919.314598,222.061783,8956.491898
1242.439478,689.485948,222.061783,9178.553681
1242.439797,842.705048,222.061783,9030.512492
1242.440116,612.876398,296.082377,9178.553681
1242.440435,536.266849,-0.000000,9178.553681
1242.440753,383.047749,296.082377,9178.553681
1242.441072,306.438199,-0.000000,9030.512492
1242.441391,229.828649,-0.000000,9104.533087
1242.441710,689.485948,-0.000000,9104.533087
1242.442029,76.609550,-0.000000,9326.594869
1242.442347,0.000000,-0.000000,9104.533087
1242.442666,0.000000,-222.061783,8956.491898
1242.442985,153.219100,-0.000000,9252.574275
1242.443304,153.219100,148.041188,9252.574275
1242.443623,0.000000,444.123565,9326.594869
1242.443942,229.828649,222.061783,9400.615463
1242.444260,0.000000,-0.000000,9326.594869
1242.444579,76.609550,370.102971,9030.512492
1242.444898,153.219100,296.082377,9252.574275
1242.445217,306.438199,296.082377,9104.533087
1242.445536,689.485948,592.164754,9178.553681
1242.445855,536.266849,444.123565,9104.533087
1242.446173,459.657299,444.123565,9252.574275
1242.446492,536.266849,444.123565,8956.491898
1242.446811,612.876398,444.123565,8956.491898
1242.447130,536.266849,444.123565,9178.553681
1242.447449,612.876398,518.144159,9252.574275
1242.447767,766.095498,666.185348,9178.553681
1242.448086,689.485948,740.205942,9178.553681
1242.448405,842.705048,814.226536,9252.574275
1242.448724,842.705048,592.164754,9178.553681
1242.449043,766.095498,592.164754,9178.553681
1242.449362,536.266849,592.164754,9474.636058
1242.449680,919.314598,592.164754,9252.574275
1242.449999,612.876398,592.164754,9252.574275
1242.450318,766.095498,370.102971,9252.574275
1242.450637,612.876398,666.185348,9400.615463
1242.450956,612.876398,444.123565,9178.553681
1242.451274,306.438199,518.144159,9474.636058
1242.451593,536.266849,74.020594,9474.636058
1242.451912,536.266849,592.164754,9326.594869
1242.452231,229.828649,296.082377,9474.636058
1242.452550,229.828649,296.082377,9474.636058
1242.452869,383.047749,592.164754,9548.656652
1242.453187,229.828649,370.102971,9474.636058
1242.453506,229.828649,222.061783,9474.636058
1242.453825,306.438199,592.164754,9474.636058
1242.454144,229.828649,296.082377,9474.636058
1242.454463,-229.828649,592.164754,9696.697840
1242.454782,306.438199,148.041188,9400.615463
1242.455100,306.438199,518.144159,9548.656652
1242.455419,383.047749,444.123565,9104.533087
1242.455738,536.266849,370.102971,9326.594869
1242.456057,153.219100,-0.000000,8734.430116
1242.456376,612.876398,444.123565,9178.553681
1242.456694,842.705048,518.144159,9400.615463
1242.457013,459.657299,518.144159,9400.615463
1242.457332,612.876398,592.164754,9178.553681
1242.457651,689.485948,592.164754,9400.615463
1242.457970,459.657299,444.123565,9474.636058
1242.458289,995.924147,296.082377,9178.553681
1242.458607,689.485948,444.123565,9326.594869
1242.458926,612.876398,222.061783,9030.512492
1242.459245,842.705048,222.061783,9474.636058
1242.459564,612.876398,370.102971,9104.533087
1242.459883,842.705048,444.123565,9252.574275
1242.460202,612.876398,296.082377,9252.574275
1242.460520,689.485948,-0.000000,9252.574275
1242.460839,766.095498,-0.000000,9400.615463
1242.461158,689.485948,296.082377,9178.553681
1242.461477,383.047749,-0.000000,9400.615463
1242.461796,153.219100,-0.000000,9252.574275
1242.462114,153.219100,-0.000000,9400.615463
1242.462433,76.609550,-0.000000,9400.615463
1242.462752,0.000000,-0.000000,9326.594869
1242.463071,0.000000,-0.000000,9252.574275
1242.463390,0.000000,-0.000000,9400.615463
1242.463709,0.000000,-74.020594,9474.636058
1242.464027,-153.219100,148.041188,9400.615463
1242.464346,0.000000,222.061783,9030.512492
1242.464665,306.438199,444.123565,9252.574275
1242.464984,229.828649,296.082377,9252.574275
1242.465303,689.485948,-0.000000,9400.615463
1242.465622,229.828649,518.144159,9104.533087
1242.465940,459.657299,518.144159,8882.471304
1242.466259,842.705048,444.123565,8956.491898
1242.466578,383.047749,740.205942,8956.491898
1242.466897,612.876398,592.164754,8956.491898
1242.467216,612.876398,666.185348,9104.533087
1242.467534,612.876398,518.144159,9104.533087
1242.467853,689.485948,740.205942,9030.512492
1242.468172,919.314598,740.205942,9104.533087
1242.468491,919.314598,518.144159,9030.512492
1242.468810,689.485948,740.205942,9104.533087
1242.469129,842.705048,740.205942,9104.533087
1242.469447,919.314598,740.205942,9104.533087
1242.469766,1072.533697,518.144159,9252.574275
1242.470085,689.485948,518.144159,9104.533087
1242.470404,459.657299,592.164754,9178.553681
1242.470723,689.485948,444.123565,9178.553681
1242.471042,459.657299,222.061783,9178.553681
1242.471360,153.219100,444.123565,9474.636058
1242.471679,459.657299,222.061783,9326.594869
1242.471998,76.609550,370.102971,9474.636058
1242.472317,229.828649,370.102971,9474.636058
1242.472636,0.000000,518.144159,9474.636058
1242.472954,306.438199,296.082377,9474.636058
1242.473273,0.000000,370.102971,9474.636058
1242.473592,153.219100,518.144159,9474.636058
1242.473911,0.000000,296.082377,9400.615463
1242.474230,306.438199,148.041188,9178.553681
1242.474549,306.438199,222.061783,9474.636058
1242.474867,306.438199,592.164754,9474.636058
1242.475186,229.828649,444.123565,9326.594869
1242.475505,689.485948,444.123565,9400.615463
1242.475824,383.047749,370.102971,9400.615463
1242.476143,536.266849,518.144159,9400.615463
1242.476461,689.485948,666.185348,9400.615463
1242.476780,612.876398,444.123565,9252.574275
1242.477099,766.095498,518.144159,9178.553681
1242.477418,919.314598,592.164754,9400.615463
1242.477737,842.705048,592.164754,9252.574275
1242.478056,766.095498,444.123565,9326.594869
1242.478374,766.095498,296.082377,9326.594869
1242.478693,536.266849,222.061783,9474.636058
1242.479012,842.705048,222.061783,9178.553681
1242.479331,919.314598,444.123565,9104.533087
1242.479650,919.314598,148.041188,9178.553681
1242.479969,842.705048,148.041188,9104.533087
1242.480287,919.314598,-0.000000,9400.615463
1242.480606,995.924147,518.144159,9178.553681
1242.480925,689.485948,296.082377,9326.594869
1242.481244,459.657299,-0.000000,9326.594869
1242.481563,383.047749,-0.000000,9326.594869
1242.481881,612.876398,-0.000000,9474.636058
1242.482200,306.438199,-0.000000,9400.615463
1242.482519,229.828649,-74.020594,9104.533087
1242.482838,306.438199,-74.020594,9400.615463
1242.483157,306.438199,-148.041188,9400.615463
1242.483476,383.047749,-0.000000,9178.553681
1242.483794,229.828649,-0.000000,9474.636058
1242.484113,0.000000,296.082377,9252.574275
1242.484432,229.828649,296.082377,9252.574275
1242.484751,-229.828649,-0.000000,9474.636058
1242.485070,0.000000,222.061783,9178.553681
1242.485389,76.609550,444.123565,9178.553681
1242.485707,76.609550,444.123565,9104.533087
1242.486026,842.705048,370.102971,9030.512492
1242.486345,842.705048,222.061783,9030.512492
1242.486664,76.609550,444.123565,9252.574275
1242.486983,459.657299,444.123565,8882.471304
1242.487301,383.047749,444.123565,9030.512492
1242.487620,536.266849,444.123565,9178.553681
1242.487939,383.047749,370.102971,9030.512492
1242.488258,689.485948,592.164754,9104.533087
1242.488577,689.485948,592.164754,8956.491898
1242.488896,842.705048,518.144159,9104.533087
1242.489214,383.047749,592.164754,9474.636058
1242.489533,536.266849,592.164754,9252.574275
1242.489852,689.485948,296.082377,9178.553681
1242.490171,536.266849,666.185348,9104.533087
1242.490490,536.266849,518.144159,9104.533087
1242.490809,842.705048,222.061783,9474.636058
1242.491127,536.266849,296.082377,9326.594869
1242.491446,766.095498,444.123565,9400.615463
1242.491765,0.000000,222.061783,8956.491898
1242.492084,0.000000,222.061783,9400.615463
1242.492403,459.657299,370.102971,9622.677246
1242.492722,0.000000,-0.000000,9400.615463
1242.493040,459.657299,518.144159,9474.636058
1242.493359,229.828649,222.061783,9548.656652
1242.493678,306.438199,-0.000000,9326.594869
1242.493997,0.000000,222.061783,9770.718434
1242.494316,153.219100,370.102971,9548.656652
1242.494634,383.047749,296.082377,9474.636058
1242.494953,306.438199,444.123565,9474.636058
1242.495272,612.876398,222.061783,9844.739029
1242.495591,229.828649,592.164754,9622.677246
1242.495910,459.657299,592.164754,9326.594869
1242.496229,383.047749,444.123565,9400.615463
1242.496547,383.047749,592.164754,9474.636058
1242.496866,612.876398,444.123565,9474.636058
1242.497185,536.266849,518.144159,9474.636058
1242.497504,766.095498,444.123565,9474.636058
1242.497823,689.485948,518.144159,9400.615463
1242.498142,612.876398,592.164754,9252.574275
1242.498460,766.095498,-0.000000,9400.615463
1242.498779,766.095498,592.164754,9474.636058
1242.499098,612.876398,222.061783,9252.574275
1242.499417,612.876398,666.185348,9178.553681
1242.499736,689.485948,518.144159,9030.512492
1242.500055,612.876398,148.041188,9030.512492
1242.500373,689.485948,370.102971,9104.533087
1242.500692,689.485948,370.102971,9104.533087
1242.501011,689.485948,296.082377,9252.574275
1242.501330,689.485948,-148.041188,9326.594869
1242.501649,383.047749,370.102971,9326.594869
1242.501967,306.438199,370.102971,9104.533087
1242.502286,153.219100,-0.000000,9326.594869
1242.502605,76.609550,222.061783,9400.615463
1242.502924,459.657299,-0.000000,9326.594869
1242.503243,-306.438199,296.082377,9400.615463
1242.503562,0.000000,74.020594,9252.574275
1242.503880,-306.438199,222.061783,9252.574275
1242.504199,-153.219100,222.061783,9400.615463
1242.504518,-153.219100,148.041188,9400.615463
1242.504837,0.000000,-0.000000,9030.512492
1242.505156,383.047749,666.185348,8882.471304
1242.505475,76.609550,444.123565,9178.553681
1242.505793,229.828649,-0.000000,9252.574275
1242.506112,153.219100,370.102971,8956.491898
1242.506431,229.828649,518.144159,9104.533087
1242.506750,229.828649,370.102971,8882.471304
1242.507069,459.657299,370.102971,8956.491898
1242.507388,689.485948,666.185348,9030.512492
1242.507706,459.657299,814.226536,9030.512492
1242.508025,612.876398,370.102971,9104.533087
1242.508344,766.095498,370.102971,9030.512492
1242.508663,536.266849,518.144159,9104.533087
1242.508982,766.095498,518.144159,9400.615463
1242.509300,842.705048,518.144159,9474.636058
1242.509619,766.095498,666.185348,9178.553681
1242.509938,1072.533697,370.102971,9178.553681
1242.510257,459.657299,444.123565,9030.512492
1242.510576,1225.752797,370.102971,9104.533087
1242.510895,842.705048,518.144159,9326.594869
1242.511213,689.485948,222.061783,9326.594869
1242.511532,689.485948,296.082377,9474.636058
1242.511851,612.876398,148.041188,9474.636058
1242.512170,689.485948,444.123565,9548.656652
1242.512489,229.828649,74.020594,9474.636058
1242.512808,383.047749,-0.000000,9474.636058
1242.513126,229.828649,-0.000000,9474.636058
1242.513445,0.000000,-0.000000,9696.697840
1242.513764,0.000000,-0.000000,9696.697840
1242.514083,76.609550,148.041188,9622.677246
1242.514402,0.000000,222.061783,9622.677246
1242.514721,0.000000,222.061783,9474.636058
1242.515039,536.266849,296.082377,9622.677246
1242.515358,153.219100,444.123565,9474.636058
1242.515677,76.609550,-0.000000,9474.636058
1242.515996,229.828649,444.123565,9474.636058
1242.516315,459.657299,444.123565,9548.656652
1242.516633,612.876398,296.082377,9326.594869
1242.516952,536.266849,370.102971,9474.636058
1242.517271,612.876398,518.144159,9252.574275
1242.517590,612.876398,518.144159,9326.594869
1242.517909,459.657299,740.205942,9474.636058
1242.518228,536.266849,444.123565,9474.636058
1242.518546,612.876398,740.205942,9178.553681
1242.518865,689.485948,518.144159,9178.553681
1242.519184,536.266849,444.123565,9178.553681
1242.519503,995.924147,-148.041188,8808.450710
1242.519822,612.876398,370.102971,9030.512492
1242.520141,689.485948,444.123565,8956.491898
1242.520459,689.485948,592.164754,9178.553681
1242.520778,689.485948,222.061783,9030.512492
1242.521097,1225.752797,-0.000000,8882.471304
1242.521416,383.047749,518.144159,9104.533087
1242.521735,766.095498,518.144159,9252.574275
1242.522054,306.438199,296.082377,9178.553681
1242.522372,229.828649,370.102971,9104.533087
1242.522691,459.657299,296.082377,9474.636058
1242.523010,0.000000,222.061783,9252.574275
1242.523329,76.609550,370.102971,9030.512492
1242.523648,153.219100,222.061783,8956.491898
1242.523966,306.438199,148.041188,9252.574275
1242.524285,153.219100,-0.000000,9326.594869
1242.524604,0.000000,148.041188,9030.512492
1242.524923,383.047749,592.164754,8956.491898
1242.525242,153.219100,370.102971,9178.553681
1242.525561,229.828649,370.102971,9474.636058
1242.525879,459.657299,518.144159,9030.512492
1242.526198,459.657299,666.185348,9104.533087
1242.526517,229.828649,666.185348,9326.594869
1242.526836,459.657299,518.144159,9030.512492
1242.527155,536.266849,222.061783,9178.553681
1242.527474,536.266849,740.205942,9326.594869
1242.527792,383.047749,518.144159,9326.594869
1242.528111,612.876398,740.205942,9030.512492
1242.528430,536.266849,740.205942,9474.636058
1242.528749,919.314598,592.164754,9474.636058
1242.529068,612.876398,592.164754,9252.574275
1242.529387,766.095498,518.144159,9178.553681
1242.529705,995.924147,518.144159,9104.533087
1242.530024,612.876398,518.144159,9252.574275
1242.530343,766.095498,518.144159,9252.574275
1242.530662,766.095498,592.164754,9474.636058
1242.530981,995.924147,370.102971,9252.574275
1242.531299,612.876398,518.144159,9474.636058
1242.531618,689.485948,296.082377,9474.636058
1242.531937,766.095498,148.041188,9474.636058
1242.532256,306.438199,-0.000000,9400.615463
1242.532575,306.438199,-0.000000,9548.656652
1242.532894,306.438199,370.102971,9770.718434
1242.533212,229.828649,-0.000000,9474.636058
1242.533531,153.219100,222.061783,9474.636058
1242.533850,76.609550,296.082377,9622.677246
1242.534169,153.219100,74.020594,9548.656652
1242.534488,383.047749,-0.000000,9474.636058
1242.534807,153.219100,222.061783,9474.636058
1242.535125,536.266849,296.082377,9474.636058
1242.535444,459.657299,370.102971,9400.615463
1242.535763,383.047749,222.061783,9400.615463
1242.536082,153.219100,222.061783,9548.656652
1242.536401,383.047749,444.123565,9252.574275
1242.536720,612.876398,296.082377,9326.594869
1242.537038,689.485948,370.102971,9326.594869
1242.537357,383.047749,592.164754,9326.594869
1242.537676,229.828649,222.061783,9474.636058
1242.537995,612.876398,296.082377,9252.574275
1242.538314,1072.533697,370.102971,9030.512492
1242.538632,612.876398,370.102971,9178.553681
1242.538951,612.876398,592.164754,9178.553681
1242.539270,1225.752797,444.123565,8882.471304
1242.539589,919.314598,444.123565,9178.553681
1242.539908,689.485948,296.082377,8956.491898
1242.540227,766.095498,444.123565,9104.533087
1242.540545,919.314598,370.102971,8956.491898
1242.540864,766.095498,592.164754,9030.512492
1242.541183,766.095498,444.123565,9030.512492
1242.541502,766.095498,296.082377,9326.594869
1242.541821,459.657299,222.061783,8882.471304
1242.542140,459.657299,370.102971,9178.553681
1242.542458,383.047749,148.041188,8956.491898
1242.542777,153.219100,148.041188,9178.553681
1242.543096,76.609550,148.041188,9178.553681
1242.543415,0.000000,-0.000000,9252.574275
1242.543734,-229.828649,370.102971,9474.636058
1242.544053,0.000000,-0.000000,9326.594869
1242.544371,-153.219100,-0.000000,9030.512492
1242.544690,76.609550,444.123565,9178.553681
1242.545009,0.000000,370.102971,9400.615463
1242.545328,0.000000,370.102971,9252.574275
1242.545647,153.219100,296.082377,9030.512492
1242.545965,76.609550,444.123565,9178.553681
1242.546284,76.609550,592.164754,9252.574275
1242.546603,229.828649,518.144159,9178.553681
1242.546922,383.047749,592.164754,9178.553681
1242.547241,536.266849,148.041188,9104.533087
1242.547560,612.876398,518.144159,8882.471304
1242.547878,612.876398,592.164754,9104.533087
1242.548197,612.876398,666.185348,9252.574275
1242.548516,842.705048,370.102971,9400.615463
1242.548835,612.876398,740.205942,9400.615463
1242.549154,919.314598,518.144159,9252.574275
1242.549473,766.095498,592.164754,9252.574275
1242.549791,842.705048,444.123565,9178.553681
1242.550110,842.705048,592.164754,9400.615463
1242.550429,842.705048,444.123565,9400.615463
1242.550748,919.314598,518.144159,9178.553681
1242.551067,842.705048,444.123565,9474.636058
1242.551386,842.705048,296.082377,9326.594869
1242.551704,1149.143247,518.144159,9326.594869
1242.552023,919.314598,296.082377,9400.615463
1242.552342,536.266849,-0.000000,9326.594869
1242.552661,612.876398,370.102971,9474.636058
1242.552980,306.438199,222.061783,9474.636058
1242.553298,689.485948,-0.000000,9622.677246
1242.553617,612.876398,222.061783,9622.677246
1242.553936,383.047749,-0.000000,9400.615463
1242.554255,383.047749,-0.000000,9622.677246
1242.554574,229.828649,-0.000000,9548.656652
1242.554893,229.828649,-0.000000,9474.636058
1242.555211,306.438199,222.061783,9400.615463
1242.555530,383.047749,222.061783,9474.636058
1242.555849,383.047749,222.061783,9400.615463
1242.556168,612.876398,370.102971,9104.533087
1242.556487,459.657299,370.102971,9252.574275
1242.556806,612.876398,592.164754,9104.533087
1242.557124,306.438199,370.102971,9178.553681
1242.557443,536.266849,370.102971,9104.533087
1242.557762,229.828649,296.082377,9252.574275
1242.558081,612.876398,444.123565,9030.512492
1242.558400,766.095498,592.164754,9104.533087
1242.558719,459.657299,592.164754,9178.553681
1242.559037,536.266849,592.164754,9030.512492
1242.559356,612.876398,222.061783,9178.553681
1242.559675,459.657299,518.144159,9178.553681
1242.559994,459.657299,518.144159,9178.553681
1242.560313,459.657299,296.082377,9104.533087
1242.560632,612.876398,222.061783,9030.512492
1242.560950,612.876398,-0.000000,9030.512492
1242.561269,459.657299,-0.000000,9104.533087
1242.561588,536.266849,222.061783,9104.533087
1242.561907,383.047749,296.082377,9178.553681
1242.562226,306.438199,-148.041188,9104.533087
1242.562544,612.876398,-148.041188,9326.594869
1242.562863,383.047749,-0.000000,9326.594869
1242.563182,76.609550,-0.000000,9400.615463
1242.563501,0.000000,-0.000000,9474.636058
1242.563820,-306.438199,296.082377,9474.636058
1242.564139,76.609550,-0.000000,9474.636058
1242.564457,0.000000,-0.000000,9474.636058
1242.564776,76.609550,-0.000000,9400.615463
1242.565095,0.000000,-0.000000,9326.594869
1242.565414,153.219100,-0.000000,9326.594869
1242.565733,153.219100,222.061783,9030.512492
1242.566052,76.609550,-0.000000,9252.574275
1242.566370,383.047749,370.102971,9030.512492
1242.566689,459.657299,444.123565,9104.533087
1242.567008,459.657299,296.082377,9178.553681
1242.567327,459.657299,518.144159,9252.574275
1242.567646,459.657299,518.144159,9178.553681
1242.567965,766.095498,592.164754,9178.553681
1242.568283,306.438199,148.041188,9104.533087
1242.568602,689.485948,592.164754,9326.594869
1242.568921,842.705048,814.226536,9326.594869
1242.569240,459.657299,518.144159,9178.553681
1242.569559,919.314598,666.185348,9252.574275
1242.569877,842.705048,592.164754,9400.615463
1242.570196,995.924147,592.164754,9178.553681
1242.570515,842.705048,518.144159,9252.574275
1242.570834,766.095498,518.144159,9474.636058
1242.571153,995.924147,518.144159,9252.574275
1242.571472,536.266849,370.102971,9326.594869
1242.571790,766.095498,444.123565,9104.533087
1242.572109,766.095498,296.082377,9400.615463
1242.572428,766.095498,296.082377,9178.553681
1242.572747,-153.219100,222.061783,9474.636058
1242.573066,229.828649,592.164754,9474.636058
1242.573385,229.828649,444.123565,9548.656652
1242.573703,306.438199,296.082377,9548.656652
1242.574022,153.219100,296.082377,9400.615463
1242.574341,0.000000,222.061783,9400.615463
1242.574660,76.609550,444.123565,9474.636058
1242.574979,76.609550,296.082377,9400.615463
1242.575298,76.609550,296.082377,9400.615463
1242.575616,306.438199,370.102971,9474.636058
1242.575935,76.609550,444.123565,9474.636058
1242.576254,306.438199,444.123565,9178.553681
1242.576573,459.657299,296.082377,9474.636058
1242.576892,612.876398,518.144159,9326.594869
1242.577210,689.485948,592.164754,9474.636058
1242.577529,689.485948,666.185348,9326.594869
1242.577848,612.876398,444.123565,9326.594869
1242.578167,536.266849,518.144159,9252.574275
1242.578486,919.314598,592.164754,9400.615463
1242.578805,689.485948,518.144159,9252.574275
1242.579123,459.657299,518.144159,9400.615463
1242.579442,536.266849,222.061783,9104.533087
1242.579761,919.314598,518.144159,9104.533087
1242.580080,612.876398,518.144159,9326.594869
1242.580399,1072.533697,518.144159,9104.533087
1242.580718,766.095498,518.144159,9178.553681
1242.581036,842.705048,222.061783,9030.512492
1242.581355,842.705048,148.041188,9178.553681
1242.581674,459.657299,-0.000000,9252.574275
1242.581993,689.485948,74.020594,9474.636058
1242.582312,0.000000,222.061783,9252.574275
1242.582631,229.828649,-0.000000,9252.574275
1242.582949,0.000000,-0.000000,9326.594869
1242.583268,0.000000,-0.000000,9400.615463
1242.583587,153.219100,148.041188,9474.636058
1242.583906,-153.219100,-0.000000,9474.636058
1242.584225,0.000000,-0.000000,9400.615463
1242.584543,0.000000,-0.000000,9400.615463
1242.584862,-306.438199,-0.000000,9622.677246
1242.585181,0.000000,-0.000000,9326.594869
1242.585500,0.000000,-0.000000,9474.636058
1242.585819,76.609550,296.082377,9252.574275
1242.586138,0.000000,370.102971,9252.574275
1242.586456,383.047749,222.061783,8956.491898
1242.586775,383.047749,518.144159,9030.512492
1242.587094,689.485948,518.144159,9104.533087
1242.587413,383.047749,370.102971,8956.491898
1242.587732,536.266849,370.102971,8956.491898
1242.588051,689.485948,592.164754,9030.512492
1242.588369,459.657299,296.082377,9104.533087
1242.588688,536.266849,666.185348,9178.553681
1242.589007,842.705048,518.144159,8956.491898
1242.589326,689.485948,592.164754,9104.533087
1242.589645,995.924147,592.164754,9178.553681
1242.589963,842.705048,666.185348,9030.512492
1242.590282,766.095498,888.247130,9178.553681
1242.590601,766.095498,592.164754,9104.533087
1242.590920,612.876398,666.185348,9474.636058
1242.591239,766.095498,518.144159,8956.491898
1242.591557,689.485948,666.185348,9104.533087
1242.591876,689.485948,740.205942,9178.553681
1242.592195,612.876398,444.123565,8956.491898
1242.592514,689.485948,370.102971,9326.594869
1242.592833,306.438199,370.102971,9252.574275
1242.593151,459.657299,444.123565,9326.594869
1242.593470,229.828649,296.082377,9474.636058
1242.593789,0.000000,370.102971,9474.636058
1242.594108,0.000000,296.082377,9326.594869
1242.594427,0.000000,-0.000000,9474.636058
1242.594745,229.828649,444.123565,9548.656652
1242.595064,76.609550,296.082377,9548.656652
1242.595383,0.000000,296.082377,9474.636058
1242.595702,383.047749,444.123565,9474.636058
1242.596020,76.609550,518.144159,9400.615463
1242.596339,229.828649,518.144159,9400.615463
1242.596658,153.219100,296.082377,9474.636058
1242.596977,383.047749,592.164754,9474.636058
1242.597296,383.047749,592.164754,9474.636058
1242.597614,459.657299,518.144159,9400.615463
1242.597933,306.438199,74.020594,9104.533087
1242.598252,459.657299,518.144159,9252.574275
1242.598571,536.266849,296.082377,9622.677246
1242.598890,612.876398,444.123565,8956.491898
1242.599208,689.485948,518.144159,9104.533087
1242.599527,1072.533697,444.123565,9104.533087
1242.599846,842.705048,370.102971,9326.594869
1242.600165,689.485948,222.061783,9178.553681
1242.600483,1072.533697,222.061783,9326.594869
1242.600802,919.314598,444.123565,9030.512492
1242.601121,766.095498,296.082377,9474.636058
1242.601440,1378.971896,74.020594,9844.739029
1242.601759,689.485948,148.041188,9400.615463
1242.602077,842.705048,-0.000000,9030.512492
1242.602396,612.876398,-0.000000,9104.533087
1242.602715,689.485948,-0.000000,9400.615463
1242.603034,612.876398,-0.000000,9326.594869
1242.603353,306.438199,-0.000000,9474.636058
1242.603671,306.438199,-0.000000,9326.594869
1242.603990,153.219100,-0.000000,9326.594869
1242.604309,0.000000,-0.000000,9104.533087
1242.604628,76.609550,-0.000000,9178.553681
1242.604946,0.000000,-0.000000,9178.553681
1242.605265,0.000000,-0.000000,9178.553681
1242.605584,0.000000,222.061783,9178.553681
1242.605903,76.609550,518.144159,9030.512492
1242.606222,0.000000,148.041188,8956.491898
1242.606540,76.609550,296.082377,9104.533087
1242.606859,306.438199,370.102971,8882.471304
1242.607178,76.609550,370.102971,8956.491898
1242.607497,459.657299,370.102971,8956.491898
1242.607816,229.828649,370.102971,8956.491898
1242.608134,459.657299,444.123565,8882.471304
1242.608453,536.266849,444.123565,8956.491898
1242.608772,612.876398,666.185348,8882.471304
1242.609091,1302.362347,518.144159,8956.491898
1242.609410,689.485948,518.144159,8956.491898
1242.609728,612.876398,592.164754,8956.491898
1242.610047,689.485948,740.205942,9030.512492
1242.610366,689.485948,814.226536,9252.574275
1242.610685,995.924147,222.061783,8660.409521
1242.611003,383.047749,296.082377,9178.553681
1242.611322,536.266849,592.164754,9178.553681
1242.611641,612.876398,592.164754,9252.574275
1242.611960,689.485948,592.164754,9326.594869
1242.612279,842.705048,518.144159,9326.594869
1242.612597,459.657299,518.144159,9326.594869
1242.612916,383.047749,370.102971,9326.594869
1242.613235,306.438199,296.082377,9474.636058
1242.613554,459.657299,296.082377,9400.615463
1242.613873,76.609550,296.082377,9474.636058
1242.614191,0.000000,444.123565,9474.636058
1242.614510,0.000000,148.041188,9622.677246
1242.614829,0.000000,222.061783,9622.677246
1242.615148,536.266849,444.123565,9622.677246
1242.615466,76.609550,370.102971,9474.636058
1242.615785,306.438199,370.102971,9474.636058
1242.616104,383.047749,296.082377,9474.636058
1242.616423,459.657299,444.123565,9622.677246
1242.616742,229.828649,370.102971,9474.636058
1242.617060,459.657299,444.123565,9474.636058
1242.617379,383.047749,444.123565,9474.636058
1242.617698,689.485948,518.144159,9400.615463
1242.618017,612.876398,518.144159,9474.636058
1242.618336,383.047749,592.164754,9326.594869
1242.618654,766.095498,444.123565,9104.533087
1242.618973,919.314598,444.123565,9178.553681
1242.619292,766.095498,444.123565,9474.636058
1242.619611,995.924147,444.123565,9474.636058
1242.619930,1072.533697,148.041188,9178.553681
1242.620248,919.314598,518.144159,9178.553681
1242.620567,612.876398,370.102971,9400.615463
1242.620886,995.924147,148.041188,9030.512492
1242.621205,1149.143247,74.020594,9104.533087
1242.621523,689.485948,148.041188,8956.491898
1242.621842,612.876398,296.082377,9178.553681
1242.622161,766.095498,222.061783,9104.533087
1242.622480,229.828649,-0.000000,9178.553681
1242.622799,459.657299,-0.000000,9474.636058
1242.623117,76.609550,296.082377,9474.636058
1242.623436,0.000000,-0.000000,8956.491898
1242.623755,459.657299,-0.000000,8956.491898
1242.624074,0.000000,-0.000000,9178.553681
1242.624393,0.000000,-370.102971,9474.636058
1242.624711,0.000000,222.061783,9400.615463
1242.625030,0.000000,-0.000000,8956.491898
1242.625349,0.000000,296.082377,9104.533087
1242.625668,459.657299,148.041188,9252.574275
1242.625986,-76.609550,444.123565,9474.636058
1242.626305,-153.219100,370.102971,9030.512492
1242.626624,0.000000,370.102971,9030.512492
1242.626943,306.438199,518.144159,8956.491898
1242.627262,919.314598,444.123565,9104.533087
1242.627580,306.438199,518.144159,8882.471304
1242.627899,536.266849,444.123565,8956.491898
1242.628218,536.266849,518.144159,9178.553681
1242.628537,689.485948,592.164754,9104.533087
1242.628856,689.485948,740.205942,9252.574275
1242.629174,536.266849,592.164754,9104.533087
1242.629493,1072.533697,666.185348,8882.471304
1242.629812,919.314598,592.164754,9104.533087
1242.630131,1302.362347,370.102971,9400.615463
1242.630449,995.924147,518.144159,9104.533087
1242.630768,995.924147,518.144159,9178.553681
1242.631087,919.314598,444.123565,9178.553681
1242.631406,1072.533697,518.144159,9252.574275
1242.631725,842.705048,592.164754,9400.615463
1242.632043,689.485948,370.102971,9252.574275
1242.632362,612.876398,444.123565,9474.636058
1242.632681,766.095498,296.082377,9400.615463
1242.633000,459.657299,148.041188,9326.594869
1242.633319,612.876398,222.061783,9548.656652
1242.633637,612.876398,222.061783,9474.636058
1242.633956,229.828649,148.041188,9548.656652
1242.634275,229.828649,222.061783,9622.677246
1242.634594,0.000000,222.061783,9770.718434
1242.634913,229.828649,296.082377,9622.677246
1242.635231,229.828649,296.082377,9622.677246
1242.635550,0.000000,444.123565,9474.636058
1242.635869,383.047749,518.144159,9548.656652
1242.636188,536.266849,370.102971,9474.636058
1242.636506,459.657299,518.144159,9474.636058
1242.636825,306.438199,370.102971,9770.718434
1242.637144,229.828649,444.123565,9474.636058
1242.637463,536.266849,518.144159,9326.594869
1242.637782,459.657299,740.205942,9474.636058
1242.638100,383.047749,592.164754,9252.574275
1242.638419,383.047749,518.144159,9252.574275
1242.638738,842.705048,592.164754,9474.636058
1242.639057,842.705048,666.185348,9326.594869
1242.639376,459.657299,296.082377,9030.512492
1242.639694,919.314598,592.164754,8956.491898
1242.640013,612.876398,444.123565,9252.574275
1242.640332,919.314598,370.102971,9104.533087
1242.640651,612.876398,296.082377,9030.512492
1242.640969,689.485948,592.164754,9104.533087
1242.641288,689.485948,370.102971,9178.553681
1242.641607,842.705048,296.082377,9178.553681
1242.641926,919.314598,296.082377,9178.553681
1242.642245,766.095498,518.144159,9104.533087
1242.642563,766.095498,-0.000000,8882.471304
1242.642882,306.438199,-74.020594,9030.512492
1242.643201,612.876398,222.061783,9326.594869
1242.643520,76.609550,148.041188,9252.574275
1242.643839,76.609550,-74.020594,9252.574275
1242.644157,0.000000,-0.000000,9178.553681
1242.644476,76.609550,-0.000000,9178.553681
1242.644795,0.000000,74.020594,9400.615463
1242.645114,0.000000,148.041188,9104.533087
1242.645433,-153.219100,-0.000000,9400.615463
1242.645751,-153.219100,-0.000000,9178.553681
1242.646070,0.000000,222.061783,9104.533087
1242.646389,76.609550,296.082377,9104.533087
1242.646708,76.609550,222.061783,9178.553681
1242.647026,0.000000,-0.000000,9030.512492
1242.647345,229.828649,370.102971,9326.594869
1242.647664,229.828649,666.185348,9178.553681
1242.647983,306.438199,444.123565,9178.553681
1242.648302,612.876398,592.164754,9104.533087
1242.648620,995.924147,370.102971,8882.471304
1242.648939,766.095498,888.247130,9252.574275
1242.649258,612.876398,592.164754,9178.553681
1242.649577,842.705048,814.226536,8808.450710
1242.649896,306.438199,740.205942,9252.574275
1242.650214,766.095498,518.144159,9178.553681
1242.650533,995.924147,666.185348,9178.553681
1242.650852,919.314598,740.205942,9178.553681
1242.651171,842.705048,518.144159,9178.553681
1242.651489,766.095498,444.123565,9252.574275
1242.651808,766.095498,592.164754,9400.615463
1242.652127,766.095498,666.185348,9252.574275
1242.652446,612.876398,444.123565,9252.574275
1242.652765,689.485948,296.082377,9252.574275
1242.653083,612.876398,-0.000000,9326.594869
1242.653402,153.219100,222.061783,9474.636058
1242.653721,383.047749,148.041188,9474.636058
1242.654040,306.438199,370.102971,9474.636058
1242.654359,76.609550,296.082377,9400.615463
1242.654677,306.438199,148.041188,9622.677246
1242.654996,76.609550,-0.000000,9400.615463
1242.655315,383.047749,370.102971,9474.636058
1242.655634,76.609550,148.041188,9474.636058
1242.655952,229.828649,222.061783,9622.677246
1242.656271,229.828649,444.123565,9474.636058
1242.656590,229.828649,370.102971,9474.636058
1242.656909,536.266849,444.123565,9400.615463
1242.657228,459.657299,370.102971,9474.636058
1242.657546,612.876398,592.164754,9400.615463
1242.657865,383.047749,296.082377,9474.636058
1242.658184,766.095498,740.205942,9252.574275
1242.658503,766.095498,518.144159,9104.533087
1242.658822,995.924147,592.164754,9252.574275
1242.659140,689.485948,296.082377,9252.574275
1242.659459,766.095498,592.164754,9178.553681
1242.659778,689.485948,592.164754,9178.553681
1242.660097,689.485948,444.123565,9178.553681
1242.660416,612.876398,444.123565,9400.615463
1242.660734,842.705048,444.123565,9178.553681
1242.661053,995.924147,592.164754,9178.553681
1242.661372,919.314598,296.082377,9030.512492
1242.661691,995.924147,296.082377,9104.533087
1242.662009,1149.143247,74.020594,9104.533087
1242.662328,383.047749,148.041188,9104.533087
1242.662647,766.095498,-0.000000,8808.450710
1242.662966,459.657299,148.041188,9326.594869
1242.663285,306.438199,-74.020594,9178.553681
1242.663603,306.438199,-0.000000,9178.553681
1242.663922,229.828649,-0.000000,9252.574275
1242.664241,229.828649,-0.000000,9252.574275
1242.664560,-229.828649,148.041188,9252.574275
1242.664879,0.000000,-0.000000,9474.636058
1242.665197,0.000000,222.061783,9104.533087
1242.665516,0.000000,-0.000000,9400.615463
1242.665835,0.000000,222.061783,9252.574275
1242.666154,153.219100,222.061783,9326.594869
1242.666472,0.000000,296.082377,9400.615463
1242.666791,0.000000,444.123565,9178.553681
1242.667110,0.000000,370.102971,9104.533087
1242.667429,0.000000,444.123565,9030.512492
1242.667748,306.438199,518.144159,9326.594869
1242.668066,0.000000,666.185348,9178.553681
1242.668385,306.438199,740.205942,8882.471304
1242.668704,153.219100,518.144159,9178.553681
1242.669023,842.705048,444.123565,9030.512492
1242.669342,612.876398,444.123565,9178.553681
1242.669660,459.657299,296.082377,8882.471304
1242.669979,842.705048,370.102971,9030.512492
1242.670298,766.095498,592.164754,9252.574275
1242.670617,766.095498,592.164754,9030.512492
1242.670936,1072.533697,666.185348,9474.636058
1242.671254,995.924147,740.205942,9474.636058
1242.671573,536.266849,222.061783,9104.533087
1242.671892,919.314598,444.123565,9104.533087
1242.672211,689.485948,296.082377,9474.636058
1242.672529,689.485948,-222.061783,9326.594869
1242.672848,459.657299,370.102971,9474.636058
1242.673167,612.876398,222.061783,9326.594869
1242.673486,459.657299,296.082377,9474.636058
1242.673805,306.438199,222.061783,9474.636058
1242.674123,459.657299,296.082377,9548.656652
1242.674442,383.047749,222.061783,9400.615463
1242.674761,306.438199,444.123565,9474.636058
1242.675080,0.000000,148.041188,9622.677246
1242.675399,76.609550,296.082377,9548.656652
1242.675717,229.828649,-0.000000,9474.636058
1242.676036,153.219100,592.164754,9770.718434
1242.676355,76.609550,222.061783,9474.636058
1242.676674,229.828649,296.082377,9400.615463
1242.676992,153.219100,444.123565,9474.636058
1242.677311,383.047749,-0.000000,9548.656652
1242.677630,0.000000,518.144159,9400.615463
1242.677949,689.485948,740.205942,9178.553681
1242.678268,383.047749,370.102971,9326.594869
1242.678586,612.876398,370.102971,9178.553681
1242.678905,536.266849,592.164754,9104.533087
1242.679224,612.876398,592.164754,9252.574275
1242.679543,612.876398,592.164754,9178.553681
1242.679862,536.266849,592.164754,9104.533087
1242.680180,689.485948,592.164754,8956.491898
1242.680499,919.314598,592.164754,9104.533087
1242.680818,459.657299,444.123565,9104.533087
1242.681137,766.095498,518.144159,9030.512492
1242.681456,766.095498,592.164754,9178.553681
1242.681774,766.095498,222.061783,9326.594869
1242.682093,766.095498,518.144159,9252.574275
1242.682412,612.876398,296.082377,9104.533087
1242.682731,689.485948,296.082377,8956.491898
1242.683049,689.485948,222.061783,9326.594869
1242.683368,612.876398,222.061783,9104.533087
1242.683687,306.438199,222.061783,9104.533087
1242.684006,306.438199,296.082377,9030.512492
1242.684325,0.000000,222.061783,9252.574275
1242.684643,0.000000,296.082377,9474.636058
1242.684962,0.000000,-0.000000,9178.553681
1242.685281,0.000000,-0.000000,9326.594869
1242.685600,153.219100,-0.000000,9252.574275
1242.685919,0.000000,296.082377,9474.636058
1242.686237,0.000000,296.082377,9178.553681
1242.686556,153.219100,592.164754,9474.636058
1242.686875,306.438199,370.102971,9326.594869
1242.687194,76.609550,370.102971,9400.615463
1242.687512,0.000000,592.164754,9474.636058
1242.687831,383.047749,370.102971,9178.553681
1242.688150,229.828649,296.082377,9252.574275
1242.688469,383.047749,222.061783,9252.574275
1242.688788,306.438199,518.144159,9326.594869
1242.689106,919.314598,370.102971,9326.594869
1242.689425,459.657299,370.102971,9252.574275
1242.689744,306.438199,518.144159,9326.594869
1242.690063,612.876398,888.247130,9252.574275
1242.690382,766.095498,666.185348,9326.594869
1242.690700,766.095498,222.061783,9178.553681
1242.691019,919.314598,518.144159,9030.512492
1242.691338,995.924147,592.164754,9178.553681
1242.691657,842.705048,370.102971,9178.553681
1242.691975,919.314598,370.102971,9400.615463
1242.692294,842.705048,296.082377,9252.574275
1242.692613,995.924147,518.144159,9178.553681
1242.692932,995.924147,444.123565,9400.615463
1242.693251,842.705048,518.144159,9326.594869
1242.693569,995.924147,-0.000000,9474.636058
1242.693888,689.485948,74.020594,9400.615463
1242.694207,612.876398,592.164754,9178.553681
1242.694526,383.047749,370.102971,9474.636058
1242.694845,383.047749,222.061783,9400.615463
1242.695163,153.219100,-74.020594,9326.594869
1242.695482,306.438199,148.041188,9474.636058
1242.695801,306.438199,222.061783,9474.636058
1242.696120,383.047749,222.061783,9400.615463
1242.696439,229.828649,-0.000000,9326.594869
1242.696757,229.828649,222.061783,9696.697840
1242.697076,612.876398,370.102971,9474.636058
1242.697395,306.438199,370.102971,9474.636058
1242.697714,536.266849,592.164754,9326.594869
1242.698032,536.266849,444.123565,9252.574275
1242.698351,306.438199,296.082377,9474.636058
1242.698670,536.266849,518.144159,9400.615463
1242.698989,459.657299,370.102971,9326.594869
1242.699308,459.657299,296.082377,9178.553681
1242.699626,536.266849,370.102971,9326.594869
1242.699945,383.047749,740.205942,9474.636058
1242.700264,689.485948,370.102971,9326.594869
1242.700583,919.314598,296.082377,9326.594869
1242.700902,306.438199,370.102971,9104.533087
1242.701220,842.705048,-0.000000,8956.491898
1242.701539,612.876398,444.123565,9252.574275
1242.701858,383.047749,592.164754,9178.553681
1242.702177,383.047749,370.102971,9104.533087
1242.702495,536.266849,296.082377,8882.471304
1242.702814,536.266849,-0.000000,9030.512492
1242.703133,153.219100,-0.000000,8956.491898
1242.703452,306.438199,296.082377,9178.553681
1242.703771,153.219100,222.061783,9178.553681
1242.704089,76.609550,148.041188,9178.553681
1242.704408,153.219100,-0.000000,9178.553681
1242.704727,0.000000,296.082377,9030.512492
1242.705046,229.828649,296.082377,9030.512492
1242.705365,0.000000,222.061783,9326.594869
1242.705683,0.000000,-0.000000,9252.574275
1242.706002,-153.219100,296.082377,9474.636058
1242.706321,0.000000,666.185348,9474.636058
1242.706640,0.000000,370.102971,9030.512492
1242.706958,229.828649,444.123565,9326.594869
1242.707277,153.219100,-0.000000,9178.553681
1242.707596,459.657299,444.123565,9178.553681
1242.707915,383.047749,444.123565,9030.512492
1242.708234,536.266849,740.205942,9252.574275
1242.708552,612.876398,666.185348,9178.553681
1242.708871,1149.143247,666.185348,8956.491898
1242.709190,306.438199,296.082377,9252.574275
1242.709509,1072.533697,814.226536,9178.553681
1242.709828,766.095498,592.164754,9030.512492
1242.710146,766.095498,592.164754,9178.553681
1242.710465,919.314598,444.123565,9030.512492
1242.710784,842.705048,666.185348,9178.553681
1242.711103,919.314598,592.164754,9252.574275
1242.711422,919.314598,444.123565,9252.574275
1242.711740,995.924147,444.123565,9474.636058
1242.712059,1072.533697,148.041188,9178.553681
1242.712378,1149.143247,592.164754,9178.553681
1242.712697,689.485948,222.061783,9326.594869
1242.713015,689.485948,370.102971,9252.574275
1242.713334,842.705048,222.061783,9326.594869
1242.713653,612.876398,370.102971,9326.594869
1242.713972,842.705048,370.102971,9400.615463
1242.714291,459.657299,296.082377,9474.636058
1242.714609,689.485948,296.082377,9770.718434
1242.714928,76.609550,-0.000000,9548.656652
1242.715247,0.000000,-0.000000,9400.615463
1242.715566,76.609550,-0.000000,9474.636058
1242.715885,0.000000,74.020594,9178.553681
1242.716203,612.876398,-0.000000,9696.697840
1242.716522,153.219100,-0.000000,9030.512492
1242.716841,229.828649,444.123565,9474.636058
1242.717160,229.828649,370.102971,9252.574275
1242.717478,306.438199,370.102971,9400.615463
1242.717797,229.828649,296.082377,9474.636058
1242.718116,306.438199,296.082377,9326.594869
1242.718435,383.047749,296.082377,9400.615463
1242.718754,536.266849,296.082377,9178.553681
1242.719072,689.485948,296.082377,9474.636058
1242.719391,306.438199,-0.000000,9474.636058
1242.719710,919.314598,370.102971,9178.553681
1242.720029,536.266849,518.144159,9474.636058
1242.720348,689.485948,518.144159,9178.553681
1242.720666,766.095498,592.164754,9104.533087
1242.720985,459.657299,296.082377,9178.553681
1242.721304,766.095498,444.123565,9178.553681
1242.721623,766.095498,-0.000000,9104.533087
1242.721941,842.705048,370.102971,9178.553681
1242.722260,842.705048,444.123565,9474.636058
1242.722579,766.095498,-0.000000,9326.594869
1242.722898,919.314598,-0.000000,9178.553681
1242.723217,689.485948,296.082377,9178.553681
1242.723535,766.095498,148.041188,9104.533087
1242.723854,459.657299,222.061783,9178.553681
1242.724173,383.047749,-0.000000,9178.553681
1242.724492,306.438199,222.061783,9252.574275
1242.724811,459.657299,-0.000000,9178.553681
1242.725129,153.219100,-0.000000,9178.553681
1242.725448,0.000000,-0.000000,9474.636058
1242.725767,0.000000,-74.020594,9400.615463
1242.726086,76.609550,148.041188,9252.574275
1242.726405,76.609550,222.061783,9474.636058
1242.726723,0.000000,370.102971,9400.615463
1242.727042,0.000000,296.082377,9400.615463
1242.727361,153.219100,444.123565,9326.594869
1242.727680,229.828649,518.144159,9178.553681
1242.727998,153.219100,370.102971,9104.533087
1242.728317,153.219100,666.185348,9178.553681
1242.728636,689.485948,666.185348,9030.512492
1242.728955,459.657299,370.102971,8956.491898
1242.729274,383.047749,370.102971,8956.491898
1242.729592,766.095498,592.164754,8956.491898
1242.729911,842.705048,666.185348,9178.553681
1242.730230,536.266849,814.226536,9252.574275
1242.730549,689.485948,518.144159,9178.553681
1242.730868,689.485948,740.205942,9178.553681
1242.731186,766.095498,592.164754,9104.533087
1242.731505,919.314598,740.205942,9030.512492
1242.731824,689.485948,444.123565,8956.491898
1242.732143,536.266849,592.164754,9400.615463
1242.732461,995.924147,666.185348,9326.594869
1242.732780,689.485948,518.144159,9326.594869
1242.733099,689.485948,370.102971,9326.594869
1242.733418,766.095498,-0.000000,9844.739029
1242.733737,766.095498,222.061783,9474.636058
1242.734055,536.266849,222.061783,9474.636058
1242.734374,612.876398,444.123565,9400.615463
1242.734693,536.266849,370.102971,9622.677246
1242.735012,306.438199,518.144159,9474.636058
1242.735331,383.047749,-0.000000,9400.615463
1242.735649,536.266849,148.041188,9474.636058
1242.735968,306.438199,222.061783,9474.636058
1242.736287,612.876398,222.061783,9474.636058
1242.736606,383.047749,370.102971,9474.636058
1242.736924,383.047749,296.082377,9326.594869
1242.737243,383.047749,222.061783,9474.636058
1242.737562,536.266849,370.102971,9400.615463
1242.737881,536.266849,148.041188,9326.594869
1242.738200,689.485948,370.102971,9400.615463
1242.738518,459.657299,370.102971,9178.553681
1242.738837,919.314598,444.123565,9178.553681
1242.739156,766.095498,296.082377,9252.574275
1242.739475,1149.143247,296.082377,9178.553681
1242.739794,689.485948,444.123565,9030.512492
1242.740112,689.485948,370.102971,9178.553681
1242.740431,766.095498,592.164754,9178.553681
1242.740750,766.095498,296.082377,9178.553681
1242.741069,1072.533697,370.102971,9104.533087
1242.741388,536.266849,148.041188,9252.574275
1242.741706,689.485948,370.102971,9104.533087
1242.742025,1149.143247,444.123565,9030.512492
1242.742344,766.095498,296.082377,9104.533087
1242.742663,536.266849,-0.000000,9104.533087
1242.742981,306.438199,518.144159,8808.450710
1242.743300,689.485948,296.082377,9030.512492
1242.743619,153.219100,148.041188,9030.512492
1242.743938,536.266849,222.061783,8882.471304
1242.744257,383.047749,370.102971,9252.574275
1242.744575,153.219100,148.041188,9252.574275
1242.744894,0.000000,-0.000000,9252.574275
1242.745213,0.000000,148.041188,9178.553681
1242.745532,383.047749,-74.020594,9252.574275
1242.745851,-153.219100,-0.000000,9252.574275
1242.746169,0.000000,222.061783,9326.594869
1242.746488,-153.219100,370.102971,9104.533087
1242.746807,-153.219100,296.082377,9178.553681
1242.747126,689.485948,444.123565,9326.594869
1242.747444,0.000000,296.082377,9252.574275
1242.747763,306.438199,518.144159,9030.512492
1242.748082,383.047749,592.164754,9252.574275
1242.748401,459.657299,370.102971,8808.450710
1242.748720,459.657299,592.164754,9400.615463
1242.749038,536.266849,592.164754,9252.574275
1242.749357,536.266849,592.164754,9030.512492
1242.749676,766.095498,666.185348,9030.512492
1242.749995,1225.752797,814.226536,9474.636058
1242.750314,689.485948,370.102971,9252.574275
1242.750632,1225.752797,592.164754,9252.574275
1242.750951,689.485948,444.123565,9400.615463
1242.751270,1072.533697,666.185348,9400.615463
1242.751589,1302.362347,740.205942,9474.636058
1242.751907,919.314598,518.144159,9400.615463
1242.752226,995.924147,444.123565,9252.574275
1242.752545,842.705048,444.123565,9252.574275
1242.752864,1532.190996,518.144159,9252.574275
1242.753183,689.485948,518.144159,9474.636058
1242.753501,689.485948,592.164754,9178.553681
1242.753820,229.828649,222.061783,9326.594869
1242.754139,536.266849,370.102971,9474.636058
1242.754458,689.485948,-74.020594,9696.697840
1242.754777,689.485948,222.061783,9474.636058
1242.755095,76.609550,370.102971,9474.636058
1242.755414,153.219100,370.102971,9548.656652
1242.755733,459.657299,-222.061783,9474.636058
1242.756052,0.000000,148.041188,9622.677246
1242.756371,76.609550,296.082377,9548.656652
1242.756689,0.000000,222.061783,9474.636058
1242.757008,0.000000,370.102971,9474.636058
1242.757327,153.219100,148.041188,9400.615463
1242.757646,229.828649,296.082377,9400.615463
1242.757964,0.000000,222.061783,9400.615463
1242.758283,153.219100,444.123565,9474.636058
1242.758602,536.266849,296.082377,9178.553681
1242.758921,459.657299,296.082377,9252.574275
1242.759240,459.657299,592.164754,9178.553681
1242.759558,842.705048,444.123565,9030.512492
1242.759877,766.095498,518.144159,9104.533087
1242.760196,689.485948,518.144159,9252.574275
1242.760515,1225.752797,370.102971,8882.471304
1242.760834,766.095498,444.123565,9400.615463
1242.761152,1072.533697,518.144159,9030.512492
1242.761471,766.095498,296.082377,9104.533087
1242.761790,766.095498,444.123565,9030.512492
1242.762109,1225.752797,370.102971,8882.471304
1242.762427,842.705048,222.061783,8882.471304
1242.762746,766.095498,222.061783,8882.471304
1242.763065,766.095498,222.061783,8882.471304
1242.763384,612.876398,-74.020594,8808.450710
1242.763703,1072.533697,-0.000000,9252.574275
1242.764021,766.095498,222.061783,9104.533087
1242.764340,612.876398,-222.061783,9326.594869
1242.764659,153.219100,-74.020594,9030.512492
1242.764978,-306.438199,-0.000000,9104.533087
1242.765297,0.000000,-0.000000,9178.553681
1242.765615,0.000000,-0.000000,9326.594869
1242.765934,0.000000,-74.020594,9104.533087
1242.766253,0.000000,-0.000000,9178.553681
1242.766572,0.000000,-0.000000,9104.533087
1242.766890,0.000000,222.061783,9474.636058
1242.767209,0.000000,518.144159,9326.594869
1242.767528,0.000000,222.061783,9252.574275
1242.767847,0.000000,296.082377,9326.594869
1242.768166,0.000000,222.061783,8882.471304
1242.768484,153.219100,518.144159,9104.533087
1242.768803,229.828649,370.102971,9178.553681
1242.769122,459.657299,370.102971,9252.574275
1242.769441,689.485948,222.061783,9104.533087
1242.769760,229.828649,666.185348,9104.533087
1242.770078,306.438199,518.144159,9104.533087
1242.770397,995.924147,592.164754,9104.533087
1242.770716,919.314598,740.205942,9178.553681
1242.771035,995.924147,518.144159,9178.553681
1242.771354,919.314598,814.226536,9400.615463
1242.771672,766.095498,592.164754,9178.553681
1242.771991,1072.533697,666.185348,9400.615463
1242.772310,689.485948,592.164754,9252.574275
1242.772629,383.047749,592.164754,9474.636058
1242.772947,919.314598,518.144159,9252.574275
1242.773266,842.705048,740.205942,9474.636058
1242.773585,689.485948,370.102971,9400.615463
1242.773904,842.705048,592.164754,9474.636058
1242.774223,1225.752797,-0.000000,9252.574275
1242.774541,689.485948,592.164754,9548.656652
1242.774860,153.219100,444.123565,9474.636058
1242.775179,383.047749,296.082377,9252.574275
1242.775498,383.047749,370.102971,9548.656652
1242.775817,383.047749,296.082377,9622.677246
1242.776135,153.219100,444.123565,9622.677246
1242.776454,0.000000,296.082377,9474.636058
1242.776773,229.828649,444.123565,9548.656652
1242.777092,306.438199,370.102971,9548.656652
1242.777410,76.609550,444.123565,9548.656652
1242.777729,0.000000,518.144159,9474.636058
1242.778048,76.609550,370.102971,9400.615463
1242.778367,153.219100,518.144159,9474.636058
1242.778686,306.438199,592.164754,9474.636058
1242.779004,383.047749,666.185348,9030.512492
1242.779323,536.266849,296.082377,9252.574275
1242.779642,612.876398,666.185348,9104.533087
1242.779961,153.219100,296.082377,9326.594869
1242.780280,536.266849,370.102971,9326.594869
1242.780598,612.876398,444.123565,9178.553681
1242.780917,612.876398,222.061783,9030.512492
1242.781236,612.876398,370.102971,9252.574275
1242.781555,1149.143247,296.082377,9326.594869
1242.781873,689.485948,444.123565,9178.553681
1242.782192,459.657299,444.123565,9178.553681
1242.782511,536.266849,370.102971,9178.553681
1242.782830,459.657299,444.123565,9252.574275
1242.783149,612.876398,222.061783,8956.491898
1242.783467,766.095498,-0.000000,8956.491898
1242.783786,919.314598,296.082377,9030.512492
1242.784105,766.095498,222.061783,9030.512492
1242.784424,1072.533697,-0.000000,8956.491898
1242.784743,459.657299,-0.000000,8882.471304
1242.785061,229.828649,-0.000000,8956.491898
1242.785380,459.657299,-0.000000,9178.553681
1242.785699,459.657299,148.041188,9326.594869
1242.786018,459.657299,-0.000000,9252.574275
1242.786337,0.000000,-0.000000,9326.594869
1242.786655,459.657299,222.061783,9178.553681
1242.786974,76.609550,222.061783,9326.594869
1242.787293,76.609550,296.082377,9178.553681
1242.787612,995.924147,148.041188,8956.491898
1242.787930,153.219100,296.082377,9178.553681
1242.788249,459.657299,296.082377,9104.533087
1242.788568,306.438199,444.123565,9178.553681
1242.788887,229.828649,518.144159,9178.553681
1242.789206,459.657299,444.123565,9326.594869
1242.789524,383.047749,444.123565,8956.491898
1242.789843,536.266849,370.102971,9104.533087
1242.790162,536.266849,666.185348,9030.512492
1242.790481,383.047749,666.185348,9252.574275
1242.790800,459.657299,296.082377,8956.491898
1242.791118,383.047749,518.144159,9104.533087
1242.791437,689.485948,592.164754,9030.512492
1242.791756,612.876398,444.123565,9104.533087
1242.792075,383.047749,592.164754,9030.512492
1242.792394,689.485948,370.102971,9178.553681
1242.792713,536.266849,592.164754,9104.533087
1242.793031,919.314598,814.226536,9104.533087
1242.793350,766.095498,370.102971,9178.553681
1242.793669,612.876398,444.123565,9474.636058
1242.793988,536.266849,444.123565,9474.636058
1242.794307,459.657299,518.144159,9474.636058
1242.794625,229.828649,444.123565,9400.615463
1242.794944,689.485948,444.123565,9474.636058
1242.795263,536.266849,222.061783,9474.636058
1242.795582,383.047749,296.082377,9474.636058
1242.795901,153.219100,222.061783,9622.677246
1242.796220,383.047749,518.144159,9474.636058
1242.796538,306.438199,296.082377,9622.677246
1242.796857,76.609550,148.041188,9548.656652
1242.797176,153.219100,444.123565,9696.697840
1242.797495,229.828649,518.144159,9474.636058
1242.797814,306.438199,444.123565,9474.636058
1242.798133,459.657299,370.102971,9474.636058
1242.798451,536.266849,666.185348,9400.615463
1242.798770,0.000000,296.082377,9474.636058
1242.799089,459.657299,518.144159,9252.574275
1242.799408,459.657299,666.185348,9400.615463
1242.799727,612.876398,518.144159,9252.574275
1242.800046,536.266849,518.144159,9696.697840
1242.800364,459.657299,444.123565,9178.553681
1242.800683,689.485948,444.123565,9326.594869
1242.801002,536.266849,518.144159,9400.615463
1242.801321,689.485948,222.061783,8882.471304
1242.801640,995.924147,370.102971,9474.636058
1242.801958,689.485948,370.102971,9104.533087
1242.802277,842.705048,296.082377,9252.574275
1242.802596,919.314598,296.082377,9252.574275
1242.802915,842.705048,222.061783,9178.553681
1242.803234,842.705048,222.061783,9178.553681
1242.803553,842.705048,444.123565,9178.553681
1242.803871,689.485948,-0.000000,9030.512492
1242.804190,689.485948,-0.000000,8956.491898
1242.804509,689.485948,-0.000000,9030.512492
1242.804828,612.876398,-0.000000,9104.533087
1242.805147,842.705048,-0.000000,8956.491898
1242.805466,229.828649,-0.000000,9104.533087
1242.805784,229.828649,148.041188,9104.533087
1242.806103,0.000000,-74.020594,9326.594869
1242.806422,153.219100,-0.000000,9178.553681
1242.806741,76.609550,-0.000000,8956.491898
1242.807060,0.000000,-0.000000,9030.512492
1242.807379,229.828649,148.041188,9474.636058
1242.807697,0.000000,222.061783,8956.491898
1242.808016,0.000000,148.041188,9104.533087
1242.808335,383.047749,296.082377,9104.533087
1242.808654,229.828649,222.061783,9030.512492
1242.808973,612.876398,-0.000000,9030.512492
1242.809291,459.657299,222.061783,8882.471304
1242.809610,459.657299,148.041188,9104.533087
1242.809929,459.657299,296.082377,8956.491898
1242.810248,459.657299,518.144159,9252.574275
1242.810567,383.047749,666.185348,9030.512492
1242.810886,766.095498,518.144159,8882.471304
1242.811204,306.438199,296.082377,8956.491898
1242.811523,459.657299,444.123565,8956.491898
1242.811842,1072.533697,296.082377,9104.533087
1242.812161,766.095498,444.123565,9252.574275
1242.812480,383.047749,592.164754,9104.533087
1242.812799,536.266849,370.102971,9178.553681
1242.813117,689.485948,444.123565,9252.574275
1242.813436,612.876398,444.123565,9326.594869
1242.813755,689.485948,518.144159,9252.574275
1242.814074,919.314598,444.123565,9178.553681
1242.814393,766.095498,370.102971,9252.574275
1242.814712,536.266849,296.082377,9474.636058
1242.815030,306.438199,296.082377,9474.636058
1242.815349,612.876398,296.082377,9474.636058
1242.815668,459.657299,370.102971,9548.656652
1242.815987,229.828649,444.123565,9474.636058
1242.816306,689.485948,-148.041188,9326.594869
1242.816624,153.219100,296.082377,9548.656652
1242.816943,306.438199,222.061783,9548.656652
1242.817262,229.828649,518.144159,9622.677246
1242.817581,229.828649,592.164754,9474.636058
1242.817900,459.657299,592.164754,9622.677246
1242.818219,306.438199,592.164754,9548.656652
1242.818537,689.485948,518.144159,9474.636058
1242.818856,612.876398,518.144159,9548.656652
1242.819175,536.266849,518.144159,9474.636058
1242.819494,612.876398,370.102971,9474.636058
1242.819813,459.657299,444.123565,9326.594869
1242.820132,306.438199,666.185348,9474.636058
1242.820450,459.657299,296.082377,9326.594869
1242.820769,842.705048,370.102971,9474.636058
1242.821088,1225.752797,-0.000000,9400.615463
1242.821407,612.876398,148.041188,9400.615463
1242.821726,842.705048,518.144159,9030.512492
1242.822045,689.485948,370.102971,9178.553681
1242.822363,612.876398,444.123565,9326.594869
1242.822682,842.705048,296.082377,9104.533087
1242.823001,766.095498,370.102971,9104.533087
1242.823320,612.876398,148.041188,8956.491898
1242.823639,536.266849,370.102971,8956.491898
1242.823958,842.705048,296.082377,9178.553681
1242.824276,766.095498,222.061783,9104.533087
1242.824595,383.047749,-0.000000,9104.533087
1242.824914,689.485948,296.082377,8956.491898
1242.825233,153.219100,148.041188,9104.533087
1242.825552,459.657299,148.041188,9104.533087
1242.825870,0.000000,-0.000000,9252.574275
1242.826189,-153.219100,148.041188,9326.594869
1242.826508,-153.219100,-0.000000,9104.533087
1242.826827,-153.219100,148.041188,9252.574275
1242.827146,0.000000,-0.000000,9104.533087
1242.827465,-229.828649,-0.000000,9030.512492
1242.827783,153.219100,444.123565,9104.533087
1242.828102,76.609550,370.102971,9030.512492
1242.828421,76.609550,222.061783,8882.471304
1242.828740,536.266849,444.123565,8882.471304
1242.829059,306.438199,444.123565,9104.533087
1242.829378,306.438199,518.144159,9030.512492
1242.829696,383.047749,666.185348,8882.471304
1242.830015,1072.533697,222.061783,8734.430116
1242.830334,766.095498,592.164754,9178.553681
1242.830653,306.438199,148.041188,9178.553681
1242.830972,766.095498,666.185348,8882.471304
1242.831291,842.705048,592.164754,8956.491898
1242.831609,689.485948,592.164754,9400.615463
1242.831928,536.266849,592.164754,9178.553681
1242.832247,612.876398,592.164754,9178.553681
1242.832566,842.705048,592.164754,9252.574275
1242.832885,919.314598,666.185348,9252.574275
1242.833203,842.705048,370.102971,9104.533087
1242.833522,842.705048,370.102971,9326.594869
1242.833841,766.095498,370.102971,9178.553681
1242.834160,919.314598,518.144159,9326.594869
1242.834479,842.705048,296.082377,9326.594869
1242.834798,689.485948,592.164754,9474.636058
1242.835116,842.705048,370.102971,9400.615463
1242.835435,612.876398,148.041188,9474.636058
1242.835754,459.657299,370.102971,9474.636058
1242.836073,153.219100,-0.000000,9622.677246
1242.836392,383.047749,592.164754,9548.656652
1242.836711,0.000000,148.041188,9548.656652
1242.837029,0.000000,222.061783,9918.759623
1242.837348,153.219100,296.082377,9548.656652
1242.837667,153.219100,296.082377,9844.739029
1242.837986,153.219100,370.102971,9474.636058
1242.838305,229.828649,148.041188,9622.677246
1242.838624,306.438199,370.102971,9696.697840
1242.838942,383.047749,296.082377,9474.636058
1242.839261,229.828649,370.102971,9474.636058
1242.839580,229.828649,-0.000000,9474.636058
1242.839899,459.657299,592.164754,9400.615463
1242.840218,383.047749,518.144159,9400.615463
1242.840536,689.485948,444.123565,9474.636058
1242.840855,536.266849,444.123565,9326.594869
1242.841174,536.266849,370.102971,9400.615463
1242.841493,612.876398,222.061783,9400.615463
1242.841812,459.657299,592.164754,9400.615463
1242.842131,536.266849,444.123565,9178.553681
1242.842449,689.485948,296.082377,9178.553681
1242.842768,766.095498,296.082377,9104.533087
1242.843087,842.705048,296.082377,9178.553681
1242.843406,1072.533697,370.102971,9252.574275
1242.843725,153.219100,296.082377,9178.553681
1242.844044,919.314598,370.102971,9030.512492
1242.844362,919.314598,222.061783,9030.512492
1242.844681,766.095498,296.082377,9030.512492
1242.845000,1149.143247,-0.000000,8882.471304
1242.845319,766.095498,222.061783,9178.553681
1242.845638,536.266849,148.041188,9178.553681
1242.845957,229.828649,222.061783,9030.512492
1242.846275,459.657299,-0.000000,9104.533087
1242.846594,229.828649,-0.000000,9178.553681
1242.846913,76.609550,74.020594,9400.615463
1242.847232,0.000000,222.061783,9178.553681
1242.847551,153.219100,-0.000000,9104.533087
1242.847869,0.000000,222.061783,9252.574275
1242.848188,0.000000,518.144159,9104.533087
1242.848507,76.609550,222.061783,9178.553681
1242.848826,0.000000,296.082377,9326.594869
1242.849145,153.219100,370.102971,9252.574275
1242.849464,0.000000,296.082377,9104.533087
1242.849782,153.219100,518.144159,9252.574275
1242.850101,229.828649,666.185348,9030.512492
1242.850420,153.219100,370.102971,8956.491898
1242.850739,229.828649,592.164754,9030.512492
1242.851058,229.828649,592.164754,9104.533087
1242.851377,536.266849,444.123565,9104.533087
1242.851695,153.219100,444.123565,9030.512492
1242.852014,229.828649,740.205942,9030.512492
1242.852333,689.485948,592.164754,9178.553681
1242.852652,842.705048,518.144159,9178.553681
1242.852971,842.705048,296.082377,9178.553681
1242.853290,536.266849,666.185348,9326.594869
1242.853608,766.095498,740.205942,9178.553681
1242.853927,689.485948,370.102971,9178.553681
1242.854246,459.657299,370.102971,9400.615463
1242.854565,689.485948,370.102971,9400.615463
1242.854884,612.876398,592.164754,9474.636058
1242.855202,689.485948,296.082377,9400.615463
1242.855521,459.657299,222.061783,9474.636058
1242.855840,689.485948,296.082377,9696.697840
1242.856159,459.657299,296.082377,9474.636058
1242.856478,229.828649,444.123565,9770.718434
1242.856797,383.047749,296.082377,9548.656652
1242.857115,459.657299,296.082377,9400.615463
1242.857434,689.485948,296.082377,9548.656652
1242.857753,536.266849,296.082377,9474.636058
1242.858072,306.438199,296.082377,9548.656652
1242.858391,459.657299,296.082377,9474.636058
1242.858710,766.095498,740.205942,9548.656652
1242.859028,76.609550,-0.000000,9770.718434
1242.859347,536.266849,444.123565,9548.656652
1242.859666,76.609550,74.020594,9474.636058
1242.859985,459.657299,444.123565,9474.636058
1242.860304,842.705048,370.102971,9400.615463
1242.860623,612.876398,444.123565,9252.574275
1242.860941,536.266849,592.164754,9178.553681
1242.861260,689.485948,296.082377,9178.553681
1242.861579,612.876398,370.102971,9252.574275
1242.861898,153.219100,-0.000000,9030.512492
1242.862217,536.266849,888.247130,9252.574275
1242.862535,612.876398,74.020594,9252.574275
1242.862854,689.485948,296.082377,9252.574275
1242.863173,459.657299,296.082377,9178.553681
1242.863492,536.266849,-74.020594,9252.574275
1242.863811,459.657299,148.041188,8956.491898
1242.864130,459.657299,370.102971,9178.553681
1242.864448,459.657299,148.041188,9252.574275
1242.864767,459.657299,296.082377,9030.512492
1242.865086,76.609550,-0.000000,8956.491898
1242.865405,383.047749,370.102971,9326.594869
1242.865724,76.609550,74.020594,9104.533087
1242.866043,383.047749,370.102971,9178.553681
1242.866361,76.609550,148.041188,9252.574275
1242.866680,229.828649,-0.000000,9474.636058
1242.866999,-229.828649,-0.000000,9252.574275
1242.867318,0.000000,296.082377,9178.553681
1242.867637,0.000000,296.082377,9178.553681
1242.867956,612.876398,-74.020594,9252.574275
1242.868274,0.000000,-0.000000,9104.533087
1242.868593,153.219100,370.102971,8956.491898
1242.868912,153.219100,222.061783,9252.574275
1242.869231,153.219100,296.082377,9104.533087
1242.869550,229.828649,370.102971,9030.512492
1242.869868,153.219100,592.164754,9104.533087
1242.870187,459.657299,518.144159,9030.512492
1242.870506,459.657299,592.164754,9030.512492
1242.870825,612.876398,370.102971,9178.553681
1242.871144,612.876398,592.164754,8956.491898
1242.871463,689.485948,592.164754,9030.512492
1242.871781,612.876398,592.164754,9178.553681
1242.872100,842.705048,370.102971,9252.574275
1242.872419,842.705048,222.061783,9326.594869
1242.872738,689.485948,518.144159,9178.553681
1242.873057,919.314598,592.164754,9104.533087
1242.873376,842.705048,740.205942,9178.553681
1242.873694,689.485948,592.164754,9178.553681
1242.874013,766.095498,592.164754,9104.533087
1242.874332,536.266849,518.144159,9400.615463
1242.874651,842.705048,592.164754,9326.594869
1242.874970,383.047749,444.123565,9400.615463
1242.875289,842.705048,370.102971,9474.636058
1242.875607,383.047749,-0.000000,9770.718434
1242.875926,689.485948,370.102971,9326.594869
1242.876245,612.876398,296.082377,9622.677246
1242.876564,229.828649,444.123565,9696.697840
1242.876883,229.828649,148.041188,9474.636058
1242.877201,229.828649,370.102971,9622.677246
1242.877520,306.438199,-0.000000,9474.636058
1242.877839,383.047749,222.061783,9474.636058
1242.878158,383.047749,222.061783,9622.677246
1242.878477,229.828649,296.082377,9548.656652
1242.878796,919.314598,370.102971,9474.636058
1242.879114,229.828649,222.061783,9622.677246
1242.879433,383.047749,444.123565,9548.656652
1242.879752,459.657299,444.123565,9252.574275
1242.880071,536.266849,370.102971,9326.594869
1242.880390,612.876398,592.164754,9326.594869
1242.880709,383.047749,444.123565,9400.615463
1242.881027,383.047749,518.144159,9326.594869
1242.881346,383.047749,370.102971,9400.615463
1242.881665,459.657299,370.102971,9252.574275
1242.881984,383.047749,592.164754,9474.636058
1242.882303,459.657299,370.102971,9326.594869
1242.882622,536.266849,370.102971,9252.574275
1242.882940,612.876398,444.123565,9252.574275
1242.883259,689.485948,296.082377,9326.594869
1242.883578,612.876398,518.144159,8956.491898
1242.883897,612.876398,518.144159,9178.553681
1242.884216,612.876398,148.041188,9030.512492
1242.884534,612.876398,296.082377,9104.533087
1242.884853,306.438199,-370.102971,9104.533087
1242.885172,536.266849,-0.000000,9030.512492
1242.885491,689.485948,222.061783,9104.533087
1242.885810,536.266849,-0.000000,9030.512492
1242.886129,383.047749,-0.000000,9178.553681
1242.886447,229.828649,-296.082377,9178.553681
1242.886766,0.000000,148.041188,9104.533087
1242.887085,306.438199,-0.000000,9178.553681
1242.887404,0.000000,-0.000000,9104.533087
1242.887723,76.609550,-0.000000,9104.533087
1242.888042,0.000000,148.041188,9252.574275
1242.888360,0.000000,148.041188,9178.553681
1242.888679,0.000000,296.082377,9104.533087
1242.888998,306.438199,370.102971,9178.553681
1242.889317,536.266849,444.123565,9178.553681
1242.889636,459.657299,518.144159,9104.533087
1242.889955,229.828649,592.164754,8956.491898
1242.890273,459.657299,518.144159,8956.491898
1242.890592,383.047749,592.164754,8956.491898
1242.890911,612.876398,592.164754,9104.533087
1242.891230,383.047749,666.185348,8956.491898
1242.891549,459.657299,592.164754,8956.491898
1242.891867,612.876398,740.205942,9178.553681
1242.892186,383.047749,740.205942,9030.512492
1242.892505,842.705048,740.205942,9252.574275
1242.892824,689.485948,814.226536,9326.594869
1242.893143,689.485948,592.164754,8956.491898
1242.893462,766.095498,666.185348,9252.574275
1242.893780,1072.533697,444.123565,9030.512492
1242.894099,842.705048,518.144159,9326.594869
1242.894418,842.705048,592.164754,9252.574275
1242.894737,536.266849,444.123565,9474.636058
1242.895055,919.314598,592.164754,9474.636058
1242.895374,612.876398,518.144159,9770.718434
1242.895693,689.485948,370.102971,9252.574275
1242.896012,612.876398,370.102971,9474.636058
1242.896331,459.657299,222.061783,9474.636058
1242.896649,229.828649,222.061783,9474.636058
1242.896968,459.657299,-0.000000,9474.636058
1242.897287,229.828649,296.082377,9622.677246
1242.897606,153.219100,222.061783,9474.636058
1242.897925,153.219100,370.102971,9548.656652
1242.898243,229.828649,296.082377,9696.697840
1242.898562,766.095498,148.041188,9770.718434
1242.898881,306.438199,370.102971,9770.718434
1242.899200,306.438199,296.082377,9696.697840
1242.899519,612.876398,370.102971,9548.656652
1242.899837,842.705048,296.082377,9474.636058
1242.900156,766.095498,222.061783,9326.594869
1242.900475,229.828649,74.020594,9474.636058
1242.900794,842.705048,444.123565,9030.512492
1242.901113,383.047749,444.123565,9252.574275
1242.901431,383.047749,-0.000000,9474.636058
1242.901750,536.266849,444.123565,9326.594869
1242.902069,459.657299,444.123565,9252.574275
1242.902388,612.876398,518.144159,9104.533087
1242.902707,689.485948,296.082377,9252.574275
1242.903025,612.876398,370.102971,9178.553681
1242.903344,383.047749,296.082377,9252.574275
1242.903663,612.876398,666.185348,9326.594869
1242.903982,536.266849,518.144159,8956.491898
1242.904301,383.047749,370.102971,9326.594869
1242.904619,536.266849,296.082377,8956.491898
1242.904938,459.657299,296.082377,9252.574275
1242.905257,306.438199,222.061783,8808.450710
1242.905576,153.219100,222.061783,9104.533087
1242.905895,459.657299,-0.000000,8882.471304
1242.906213,306.438199,-0.000000,9104.533087
1242.906532,153.219100,296.082377,9104.533087
1242.906851,0.000000,296.082377,9252.574275
1242.907170,459.657299,222.061783,9030.512492
1242.907489,-229.828649,370.102971,9400.615463
1242.907807,0.000000,222.061783,8956.491898
1242.908126,0.000000,370.102971,9326.594869
1242.908445,0.000000,370.102971,9326.594869
1242.908764,229.828649,-0.000000,9326.594869
1242.909082,229.828649,518.144159,9178.553681
1242.909401,383.047749,444.123565,9104.533087
1242.909720,229.828649,592.164754,9104.533087
1242.910039,536.266849,518.144159,9252.574275
1242.910358,919.314598,666.185348,8956.491898
1242.910676,689.485948,518.144159,9104.533087
1242.910995,919.314598,814.226536,9178.553681
1242.911314,995.924147,444.123565,9030.512492
1242.911633,842.705048,592.164754,8956.491898
1242.911952,919.314598,444.123565,9104.533087
1242.912270,919.314598,666.185348,9178.553681
1242.912589,1149.143247,592.164754,9252.574275
1242.912908,995.924147,518.144159,9178.553681
1242.913227,1225.752797,592.164754,9104.533087
1242.913546,919.314598,592.164754,9400.615463
1242.913864,1378.971896,666.185348,9104.533087
1242.914183,842.705048,592.164754,9548.656652
1242.914502,1072.533697,518.144159,9400.615463
1242.914821,536.266849,222.061783,9326.594869
1242.915140,689.485948,444.123565,9474.636058
1242.915458,689.485948,370.102971,9474.636058
1242.915777,612.876398,370.102971,9474.636058
1242.916096,459.657299,370.102971,9474.636058
1242.916415,306.438199,370.102971,9548.656652
1242.916734,383.047749,-0.000000,9622.677246
1242.917052,306.438199,148.041188,9918.759623
1242.917371,0.000000,-0.000000,9548.656652
1242.917690,0.000000,-0.000000,9548.656652
1242.918009,0.000000,-0.000000,10140.821405
1242.918328,76.609550,222.061783,9622.677246
1242.918646,0.000000,148.041188,9474.636058
1242.918965,229.828649,-0.000000,9548.656652
1242.919284,229.828649,296.082377,9474.636058
1242.919603,306.438199,-74.020594,9548.656652
1242.919922,229.828649,518.144159,9474.636058
1242.920240,0.000000,296.082377,9474.636058
1242.920559,306.438199,518.144159,9400.615463
1242.920878,229.828649,444.123565,9474.636058
1242.921197,153.219100,592.164754,9474.636058
1242.921516,306.438199,370.102971,9326.594869
1242.921834,536.266849,370.102971,9252.574275
1242.922153,842.705048,592.164754,9178.553681
1242.922472,459.657299,370.102971,9178.553681
1242.922791,459.657299,444.123565,9326.594869
1242.923109,612.876398,666.185348,9178.553681
1242.923428,689.485948,518.144159,9252.574275
1242.923747,766.095498,592.164754,9030.512492
1242.924066,612.876398,296.082377,9104.533087
1242.924385,766.095498,370.102971,9030.512492
1242.924703,995.924147,296.082377,8956.491898
1242.925022,689.485948,296.082377,8808.450710
1242.925341,383.047749,222.061783,8808.450710
1242.925660,766.095498,296.082377,9400.615463
1242.925979,306.438199,222.061783,9252.574275
1242.926297,536.266849,-0.000000,8882.471304
1242.926616,153.219100,74.020594,8956.491898
1242.926935,306.438199,222.061783,8956.491898
1242.927254,76.609550,296.082377,9104.533087
1242.927573,153.219100,-0.000000,9252.574275
1242.927891,0.000000,222.061783,9178.553681
1242.928210,229.828649,296.082377,9178.553681
1242.928529,76.609550,296.082377,9178.553681
1242.928848,229.828649,296.082377,9178.553681
1242.929167,76.609550,444.123565,9326.594869
1242.929485,76.609550,296.082377,9030.512492
1242.929804,0.000000,592.164754,9474.636058
1242.930123,0.000000,666.185348,9326.594869
1242.930442,383.047749,592.164754,9104.533087
1242.930761,153.219100,666.185348,9178.553681
1242.931079,229.828649,592.164754,8956.491898
1242.931398,306.438199,666.185348,9030.512492
1242.931717,766.095498,666.185348,9474.636058
1242.932036,689.485948,592.164754,9104.533087
1242.932355,612.876398,592.164754,9178.553681
1242.932673,612.876398,592.164754,9252.574275
1242.932992,459.657299,296.082377,9252.574275
1242.933311,919.314598,444.123565,9178.553681
1242.933630,766.095498,518.144159,9252.574275
1242.933949,842.705048,592.164754,9104.533087
1242.934267,1149.143247,740.205942,8956.491898
1242.934586,842.705048,518.144159,9252.574275
1242.934905,766.095498,592.164754,9474.636058
1242.935224,995.924147,370.102971,9326.594869
1242.935543,689.485948,296.082377,9252.574275
1242.935861,1455.581446,74.020594,9474.636058
1242.936180,383.047749,-0.000000,9474.636058
1242.936499,995.924147,148.041188,9622.677246
1242.936818,459.657299,-0.000000,9474.636058
1242.937136,612.876398,296.082377,9474.636058
1242.937455,306.438199,-148.041188,9696.697840
1242.937774,383.047749,-0.000000,9622.677246
1242.938093,383.047749,74.020594,9696.697840
1242.938412,229.828649,296.082377,9474.636058
1242.938730,459.657299,296.082377,9474.636058
1242.939049,229.828649,-0.000000,9474.636058
1242.939368,306.438199,148.041188,9548.656652
1242.939687,383.047749,296.082377,9548.656652
1242.940006,76.609550,370.102971,9548.656652
1242.940324,459.657299,296.082377,9252.574275
1242.940643,536.266849,444.123565,9474.636058
1242.940962,459.657299,518.144159,9178.553681
1242.941281,459.657299,296.082377,9400.615463
1242.941600,536.266849,222.061783,9400.615463
1242.941918,689.485948,592.164754,9474.636058
1242.942237,612.876398,444.123565,8734.430116
1242.942556,536.266849,666.185348,9178.553681
1242.942875,536.266849,518.144159,9178.553681
1242.943194,689.485948,518.144159,8882.471304
1242.943512,306.438199,370.102971,9030.512492
1242.943831,536.266849,518.144159,9252.574275
1242.944150,612.876398,518.144159,9252.574275
1242.944469,612.876398,518.144159,8882.471304
1242.944788,612.876398,370.102971,9030.512492
1242.945106,536.266849,148.041188,9252.574275
1242.945425,459.657299,592.164754,8882.471304
1242.945744,536.266849,222.061783,8956.491898
1242.946063,306.438199,444.123565,8660.409521
1242.946382,0.000000,444.123565,9326.594869
1242.946700,0.000000,370.102971,8956.491898
1242.947019,0.000000,-0.000000,9104.533087
1242.947338,0.000000,-0.000000,9326.594869
1242.947657,0.000000,222.061783,9326.594869
1242.947976,76.609550,370.102971,9178.553681
1242.948294,229.828649,148.041188,9104.533087
1242.948613,0.000000,518.144159,9252.574275
1242.948932,-459.657299,444.123565,9252.574275
1242.949251,0.000000,444.123565,9178.553681
1242.949570,0.000000,148.041188,9252.574275
1242.949888,229.828649,370.102971,9400.615463
1242.950207,229.828649,370.102971,9252.574275
1242.950526,306.438199,370.102971,9104.533087
1242.950845,229.828649,296.082377,9326.594869
1242.951164,536.266849,222.061783,9400.615463
1242.951482,689.485948,296.082377,9252.574275
1242.951801,919.314598,370.102971,8882.471304
1242.952120,1072.533697,444.123565,9104.533087
1242.952439,1072.533697,666.185348,9104.533087
1242.952757,1302.362347,148.041188,8882.471304
1242.953076,842.705048,592.164754,9178.553681
1242.953395,919.314598,518.144159,9178.553681
1242.953714,919.314598,444.123565,9326.594869
1242.954033,842.705048,518.144159,9178.553681
1242.954351,1072.533697,592.164754,9474.636058
1242.954670,383.047749,666.185348,9252.574275
1242.954989,459.657299,666.185348,9326.594869
1242.955308,383.047749,370.102971,9548.656652
1242.955627,689.485948,370.102971,9474.636058
1242.955945,306.438199,444.123565,9622.677246
1242.956264,459.657299,666.185348,9474.636058
1242.956583,383.047749,888.247130,9400.615463
1242.956902,459.657299,444.123565,9400.615463
1242.957221,536.266849,-0.000000,9548.656652
1242.957539,459.657299,-0.000000,9548.656652
1242.957858,229.828649,444.123565,9474.636058
1242.958177,383.047749,592.164754,9178.553681
1242.958496,306.438199,444.123565,9474.636058
1242.958815,76.609550,-0.000000,9474.636058
1242.959133,153.219100,222.061783,9474.636058
1242.959452,153.219100,148.041188,9400.615463
1242.959771,76.609550,592.164754,9474.636058
1242.960090,-383.047749,518.144159,9548.656652
1242.960409,229.828649,518.144159,9400.615463
1242.960727,76.609550,222.061783,9696.697840
1242.961046,153.219100,518.144159,9474.636058
1242.961365,919.314598,666.185348,9474.636058
1242.961684,766.095498,370.102971,9474.636058
1242.962003,612.876398,1036.288319,9178.553681
1242.962321,612.876398,666.185348,8956.491898
1242.962640,536.266849,296.082377,9178.553681
1242.962959,612.876398,-370.102971,9326.594869
1242.963278,766.095498,-74.020594,9622.677246
1242.963597,689.485948,1184.329507,9326.594869
1242.963915,995.924147,962.267725,8660.409521
1242.964234,612.876398,296.082377,8734.430116
1242.964553,229.828649,-296.082377,9548.656652
1242.964872,612.876398,-74.020594,9104.533087
1242.965191,459.657299,296.082377,8808.450710
1242.965509,919.314598,-592.164754,9474.636058
1242.965828,919.314598,-222.061783,10140.821405
1242.966147,919.314598,-74.020594,9548.656652
1242.966466,612.876398,592.164754,8438.347739
1242.966784,459.657299,222.061783,8882.471304
1242.967103,536.266849,-148.041188,9104.533087
1242.967422,459.657299,-222.061783,9104.533087
1242.967741,0.000000,-0.000000,8586.388927
1242.968060,0.000000,-222.061783,9474.636058
1242.968378,0.000000,-74.020594,9474.636058
1242.968697,229.828649,-222.061783,9622.677246
1242.969016,0.000000,-0.000000,8808.450710
1242.969335,76.609550,-74.020594,9474.636058
1242.969654,76.609550,-740.205942,9474.636058
1242.969972,0.000000,-222.061783,9030.512492
1242.970291,306.438199,370.102971,9400.615463
1242.970610,612.876398,1110.308913,9400.615463
1242.970929,536.266849,444.123565,8438.347739
1242.971248,383.047749,148.041188,8290.306550
1242.971566,536.266849,-222.061783,9104.533087
1242.971885,306.438199,444.123565,9104.533087
1242.972204,459.657299,666.185348,8882.471304
1242.972523,612.876398,-0.000000,8956.491898
1242.972842,459.657299,740.205942,9400.615463
1242.973160,842.705048,296.082377,9104.533087
1242.973479,766.095498,-148.041188,9030.512492
1242.973798,689.485948,-222.061783,9844.739029
1242.974117,689.485948,444.123565,9178.553681
1242.974436,1302.362347,1036.288319,8660.409521
1242.974754,536.266849,592.164754,9326.594869
1242.975073,919.314598,370.102971,9178.553681
1242.975392,842.705048,518.144159,8586.388927
1242.975711,919.314598,518.144159,9030.512492
1242.976030,842.705048,444.123565,9030.512492
1242.976348,689.485948,518.144159,9252.574275
1242.976667,536.266849,-74.020594,9844.739029
1242.976986,0.000000,222.061783,9474.636058
1242.977305,229.828649,740.205942,9770.718434
1242.977624,459.657299,666.185348,9474.636058
1242.977942,383.047749,518.144159,9696.697840
1242.978261,229.828649,518.144159,9474.636058
1242.978580,153.219100,296.082377,9474.636058
1242.978899,0.000000,666.185348,9770.718434
1242.979218,0.000000,666.185348,9622.677246
1242.979536,0.000000,740.205942,9474.636058
1242.979855,306.438199,444.123565,9548.656652
1242.980174,153.219100,444.123565,9400.615463
1242.980493,0.000000,962.267725,9252.574275
1242.980811,459.657299,740.205942,9474.636058
1242.981130,153.219100,814.226536,9696.697840
1242.981449,0.000000,370.102971,9622.677246
1242.981768,306.438199,444.123565,9622.677246
1242.982087,842.705048,444.123565,9326.594869
1242.982405,536.266849,962.267725,9252.574275
1242.982724,536.266849,1184.329507,9178.553681
1242.983043,306.438199,1036.288319,9030.512492
1242.983362,229.828649,740.205942,9326.594869
1242.983681,383.047749,518.144159,9252.574275
1242.983999,536.266849,444.123565,9474.636058
1242.984318,766.095498,592.164754,9326.594869
1242.984637,995.924147,814.226536,9178.553681
1242.984956,612.876398,666.185348,9104.533087
1242.985275,766.095498,222.061783,9696.697840
1242.985593,612.876398,-0.000000,9474.636058
1242.985912,842.705048,-0.000000,9030.512492
1242.986231,919.314598,518.144159,9178.553681
1242.986550,459.657299,888.247130,8956.491898
1242.986869,766.095498,518.144159,8216.285956
1242.987187,459.657299,-74.020594,9474.636058
1242.987506,766.095498,-0.000000,9696.697840
1242.987825,229.828649,-74.020594,9030.512492
1242.988144,383.047749,-0.000000,9474.636058
1242.988463,306.438199,-0.000000,9326.594869
1242.988781,0.000000,-296.082377,9030.512492
1242.989100,153.219100,-296.082377,9400.615463
1242.989419,0.000000,-0.000000,9104.533087
1242.989738,536.266849,444.123565,8882.471304
1242.990057,536.266849,296.082377,9030.512492
1242.990375,0.000000,-0.000000,9030.512492
1242.990694,383.047749,-0.000000,8956.491898
1242.991013,306.438199,296.082377,8660.409521
1242.991332,383.047749,148.041188,8882.471304
1242.991650,536.266849,370.102971,8956.491898
1242.991969,153.219100,444.123565,8734.430116
1242.992288,306.438199,148.041188,9326.594869
1242.992607,306.438199,148.041188,9104.533087
1242.992925,229.828649,222.061783,9326.594869
1242.993244,612.876398,-0.000000,9474.636058
1242.993563,612.876398,740.205942,9326.594869
1242.993882,995.924147,666.185348,8660.409521
1242.994201,459.657299,592.164754,8808.450710
1242.994519,842.705048,518.144159,9030.512492
1242.994838,612.876398,296.082377,9030.512492
1242.995157,612.876398,444.123565,8956.491898
1242.995476,536.266849,74.020594,8882.471304
1242.995794,842.705048,-0.000000,9326.594869
1242.996113,842.705048,296.082377,9326.594869
1242.996432,612.876398,-0.000000,8808.450710
1242.996751,612.876398,-444.123565,9474.636058
1242.997070,229.828649,-296.082377,9992.780217
1242.997388,612.876398,296.082377,9548.656652
1242.997707,536.266849,444.123565,9326.594869
1242.998026,0.000000,222.061783,9474.636058
1242.998345,612.876398,592.164754,9252.574275
1242.998663,153.219100,370.102971,9104.533087
1242.998982,536.266849,-0.000000,9622.677246
1242.999301,76.609550,148.041188,9548.656652
1242.999620,306.438199,222.061783,9548.656652
1242.999939,306.438199,296.082377,9622.677246
1243.000257,306.438199,518.144159,9622.677246
1243.000576,0.000000,444.123565,9474.636058
1243.000895,306.438199,962.267725,9474.636058
1243.001214,383.047749,370.102971,9622.677246
1243.001533,689.485948,370.102971,9622.677246
1243.001851,612.876398,518.144159,9548.656652
1243.002170,842.705048,666.185348,9696.697840
1243.002489,842.705048,1184.329507,8882.471304
1243.002808,1072.533697,1258.350101,8956.491898
1243.003126,383.047749,370.102971,9400.615463
1243.003445,459.657299,296.082377,9400.615463
1243.003764,459.657299,592.164754,8956.491898
1243.004083,459.657299,592.164754,9400.615463
1243.004402,459.657299,518.144159,9326.594869
1243.004720,612.876398,444.123565,9326.594869
1243.005039,766.095498,-0.000000,9474.636058
1243.005358,536.266849,222.061783,9474.636058
1243.005677,689.485948,370.102971,9030.512492
1243.005996,536.266849,592.164754,9326.594869
1243.006314,766.095498,592.164754,9474.636058
1243.006633,612.876398,296.082377,9252.574275
1243.006952,229.828649,370.102971,8956.491898
1243.007271,0.000000,296.082377,8882.471304
1243.007589,229.828649,592.164754,8956.491898
1243.007908,153.219100,370.102971,8734.430116
1243.008227,76.609550,-148.041188,9474.636058
1243.008546,-383.047749,-296.082377,9474.636058
1243.008865,0.000000,-222.061783,9178.553681
1243.009183,0.000000,444.123565,9622.677246
1243.009502,229.828649,148.041188,9400.615463
1243.009821,459.657299,592.164754,9030.512492
1243.010140,76.609550,370.102971,9030.512492
1243.010458,153.219100,-0.000000,9252.574275
1243.010777,306.438199,296.082377,8882.471304
1243.011096,459.657299,370.102971,8808.450710
1243.011415,766.095498,222.061783,9326.594869
1243.011734,383.047749,370.102971,9104.533087
1243.012052,459.657299,444.123565,8512.368333
1243.012371,842.705048,222.061783,9104.533087
1243.012690,612.876398,370.102971,9178.553681
1243.013009,689.485948,296.082377,9030.512492
1243.013328,919.314598,740.205942,8808.450710
1243.013646,766.095498,740.205942,9178.553681
1243.013965,766.095498,592.164754,9030.512492
1243.014284,842.705048,370.102971,9104.533087
1243.014603,536.266849,370.102971,9030.512492
1243.014921,689.485948,444.123565,9178.553681
1243.015240,459.657299,222.061783,9104.533087
1243.015559,842.705048,296.082377,9178.553681
1243.015878,689.485948,296.082377,9178.553681
1243.016197,842.705048,296.082377,9400.615463
1243.016515,612.876398,296.082377,9474.636058
1243.016834,766.095498,666.185348,8882.471304
1243.017153,919.314598,222.061783,9030.512492
1243.017472,536.266849,-0.000000,9770.718434
1243.017790,459.657299,-444.123565,9548.656652
1243.018109,689.485948,148.041188,9326.594869
1243.018428,383.047749,296.082377,9400.615463
1243.018747,459.657299,518.144159,9474.636058
1243.019066,612.876398,-148.041188,9474.636058
1243.019384,306.438199,-148.041188,9844.739029
1243.019703,229.828649,-74.020594,9696.697840
1243.020022,229.828649,518.144159,9400.615463
1243.020341,459.657299,370.102971,9474.636058
1243.020660,536.266849,148.041188,9252.574275
1243.020978,306.438199,148.041188,9844.739029
1243.021297,229.828649,296.082377,9326.594869
1243.021616,383.047749,518.144159,9178.553681
1243.021935,689.485948,518.144159,9474.636058
1243.022253,612.876398,222.061783,8734.430116
1243.022572,383.047749,148.041188,9104.533087
1243.022891,536.266849,-0.000000,9474.636058
1243.023210,459.657299,666.185348,9252.574275
1243.023529,459.657299,740.205942,9252.574275
1243.023847,306.438199,740.205942,9252.574275
1243.024166,383.047749,444.123565,9474.636058
1243.024485,229.828649,370.102971,9400.615463
1243.024804,306.438199,370.102971,9252.574275
1243.025123,229.828649,296.082377,9178.553681
1243.025441,536.266849,814.226536,9474.636058
1243.025760,459.657299,962.267725,8956.491898
1243.026079,383.047749,518.144159,9104.533087
1243.026398,536.266849,444.123565,9178.553681
1243.026716,76.609550,370.102971,9178.553681
1243.027035,383.047749,518.144159,9326.594869
1243.027354,229.828649,666.185348,9178.553681
1243.027673,0.000000,592.164754,8956.491898
1243.027992,153.219100,148.041188,9178.553681
1243.028310,76.609550,518.144159,9474.636058
1243.028629,0.000000,-74.020594,9252.574275
1243.028948,76.609550,-0.000000,9326.594869
1243.029267,76.609550,-0.000000,9474.636058
1243.029585,306.438199,592.164754,9178.553681
1243.029904,306.438199,666.185348,8956.491898
1243.030223,459.657299,592.164754,8882.471304
1243.030542,306.438199,518.144159,9178.553681
1243.030861,306.438199,592.164754,9030.512492
1243.031179,383.047749,518.144159,9030.512492
1243.031498,383.047749,1110.308913,9252.574275
1243.031817,459.657299,370.102971,9326.594869
1243.032136,459.657299,370.102971,9030.512492
1243.032455,766.095498,518.144159,9474.636058
1243.032773,766.095498,592.164754,9326.594869
1243.033092,766.095498,592.164754,9178.553681
1243.033411,842.705048,888.247130,9104.533087
1243.033730,766.095498,740.205942,8956.491898
1243.034048,689.485948,888.247130,9030.512492
1243.034367,1149.143247,592.164754,9178.553681
1243.034686,919.314598,592.164754,8808.450710
1243.035005,612.876398,370.102971,9104.533087
1243.035324,995.924147,518.144159,9252.574275
1243.035642,383.047749,370.102971,9326.594869
1243.035961,612.876398,444.123565,9030.512492
1243.036280,689.485948,370.102971,9178.553681
1243.036599,383.047749,296.082377,9252.574275
1243.036917,306.438199,222.061783,9252.574275
1243.037236,76.609550,370.102971,9326.594869
1243.037555,76.609550,-0.000000,9696.697840
1243.037874,153.219100,370.102971,9400.615463
1243.038193,76.609550,370.102971,9178.553681
1243.038511,0.000000,-0.000000,9770.718434
1243.038830,229.828649,-0.000000,9474.636058
1243.039149,-306.438199,74.020594,9252.574275
1243.039468,229.828649,518.144159,9104.533087
1243.039787,229.828649,518.144159,9474.636058
1243.040105,383.047749,148.041188,9400.615463
1243.040424,536.266849,222.061783,9474.636058
1243.040743,229.828649,518.144159,9918.759623
1243.041062,459.657299,370.102971,9252.574275
1243.041380,612.876398,518.144159,9400.615463
1243.041699,459.657299,-0.000000,9252.574275
1243.042018,612.876398,444.123565,9400.615463
1243.042337,766.095498,370.102971,9400.615463
1243.042656,459.657299,444.123565,9326.594869
1243.042974,919.314598,370.102971,9104.533087
1243.043293,919.314598,518.144159,9104.533087
1243.043612,612.876398,518.144159,9548.656652
1243.043931,766.095498,444.123565,9104.533087
1243.044250,536.266849,296.082377,9400.615463
1243.044568,766.095498,296.082377,8956.491898
1243.044887,919.314598,296.082377,9252.574275
1243.045206,229.828649,-0.000000,8956.491898
1243.045525,689.485948,222.061783,9178.553681
1243.045843,689.485948,148.041188,9030.512492
1243.046162,612.876398,296.082377,9030.512492
1243.046481,153.219100,222.061783,9178.553681
1243.046800,689.485948,-0.000000,9400.615463
1243.047119,0.000000,370.102971,8956.491898
1243.047437,229.828649,370.102971,9178.553681
1243.047756,76.609550,222.061783,9104.533087
1243.048075,0.000000,-0.000000,9178.553681
1243.048394,0.000000,-0.000000,9252.574275
1243.048712,0.000000,148.041188,9104.533087
1243.049031,0.000000,-0.000000,9178.553681
1243.049350,0.000000,296.082377,9326.594869
1243.049669,383.047749,370.102971,9178.553681
1243.049988,229.828649,592.164754,9030.512492
1243.050306,229.828649,370.102971,9178.553681
1243.050625,153.219100,370.102971,9178.553681
1243.050944,306.438199,666.185348,9252.574275
1243.051263,459.657299,518.144159,9104.533087
1243.051582,459.657299,518.144159,8956.491898
1243.051900,459.657299,592.164754,9030.512492
1243.052219,536.266849,592.164754,9104.533087
1243.052538,766.095498,666.185348,9104.533087
1243.052857,536.266849,740.205942,9178.553681
1243.053175,689.485948,592.164754,9030.512492
1243.053494,612.876398,666.185348,9104.533087
1243.053813,766.095498,962.267725,9326.594869
1243.054132,919.314598,444.123565,9400.615463
1243.054451,919.314598,814.226536,9252.574275
1243.054769,612.876398,592.164754,9252.574275
1243.055088,689.485948,666.185348,9326.594869
1243.055407,842.705048,666.185348,9252.574275
1243.055726,689.485948,592.164754,9178.553681
1243.056044,612.876398,222.061783,9178.553681
1243.056363,842.705048,370.102971,9326.594869
1243.056682,612.876398,296.082377,9400.615463
1243.057001,842.705048,518.144159,9326.594869
1243.057320,459.657299,222.061783,9474.636058
1243.057638,383.047749,370.102971,9548.656652
1243.057957,0.000000,222.061783,9548.656652
1243.058276,306.438199,222.061783,9474.636058
1243.058595,612.876398,-148.041188,9326.594869
1243.058914,306.438199,296.082377,9474.636058
1243.059232,229.828649,-0.000000,9474.636058
1243.059551,153.219100,222.061783,9474.636058
1243.059870,153.219100,296.082377,9622.677246
1243.060189,842.705048,148.041188,9622.677246
1243.060507,536.266849,370.102971,9474.636058
1243.060826,459.657299,370.102971,9474.636058
1243.061145,306.438199,296.082377,9474.636058
1243.061464,536.266849,592.164754,9474.636058
1243.061783,689.485948,-0.000000,9178.553681
1243.062101,612.876398,370.102971,9252.574275
1243.062420,842.705048,296.082377,9326.594869
1243.062739,766.095498,296.082377,9326.594869
1243.063058,1072.533697,370.102971,9178.553681
1243.063377,1149.143247,370.102971,8956.491898
1243.063695,842.705048,444.123565,8956.491898
1243.064014,536.266849,148.041188,9104.533087
1243.064333,766.095498,296.082377,9030.512492
1243.064652,612.876398,-0.000000,9178.553681
1243.064970,766.095498,370.102971,8956.491898
1243.065289,766.095498,370.102971,9104.533087
1243.065608,689.485948,370.102971,9178.553681
1243.065927,689.485948,-0.000000,9030.512492
1243.066246,536.266849,-0.000000,9178.553681
1243.066564,536.266849,-0.000000,9104.533087
1243.066883,766.095498,518.144159,8956.491898
1243.067202,306.438199,148.041188,9104.533087
1243.067521,459.657299,-0.000000,9326.594869
1243.067839,0.000000,-0.000000,9474.636058
1243.068158,76.609550,-0.000000,9030.512492
1243.068477,76.609550,222.061783,9104.533087
1243.068796,-153.219100,222.061783,9252.574275
1243.069115,229.828649,148.041188,9326.594869
1243.069433,229.828649,-0.000000,8956.491898
1243.069752,0.000000,296.082377,9104.533087
1243.070071,-306.438199,-0.000000,9326.594869
1243.070390,0.000000,370.102971,9104.533087
1243.070709,0.000000,296.082377,9104.533087
1243.071027,0.000000,222.061783,9178.553681
1243.071346,229.828649,296.082377,9104.533087
1243.071665,229.828649,592.164754,9104.533087
1243.071984,459.657299,592.164754,9104.533087
1243.072302,536.266849,814.226536,9030.512492
1243.072621,919.314598,740.205942,8808.450710
1243.072940,536.266849,518.144159,9104.533087
1243.073259,766.095498,518.144159,9178.553681
1243.073578,766.095498,444.123565,8956.491898
1243.073896,689.485948,888.247130,9178.553681
1243.074215,842.705048,666.185348,8882.471304
1243.074534,919.314598,888.247130,8956.491898
1243.074853,689.485948,814.226536,9178.553681
1243.075171,842.705048,592.164754,9252.574275
1243.075490,919.314598,518.144159,9474.636058
1243.075809,612.876398,444.123565,9178.553681
1243.076128,766.095498,592.164754,9400.615463
1243.076447,995.924147,518.144159,9178.553681
1243.076765,766.095498,296.082377,9474.636058
1243.077084,689.485948,296.082377,9474.636058
1243.077403,459.657299,592.164754,9474.636058
1243.077722,459.657299,666.185348,9474.636058
1243.078041,536.266849,592.164754,9474.636058
1243.078359,383.047749,222.061783,9474.636058
1243.078678,153.219100,148.041188,9474.636058
1243.078997,153.219100,370.102971,9474.636058
1243.079316,0.000000,370.102971,9696.697840
1243.079634,153.219100,370.102971,9548.656652
1243.079953,76.609550,148.041188,9474.636058
1243.080272,0.000000,370.102971,9474.636058
1243.080591,76.609550,370.102971,9474.636058
1243.080910,306.438199,222.061783,9474.636058
1243.081228,383.047749,370.102971,9548.656652
1243.081547,459.657299,-0.000000,9326.594869
1243.081866,383.047749,518.144159,9252.574275
1243.082185,153.219100,-0.000000,9474.636058
1243.082504,612.876398,370.102971,9252.574275
1243.082822,919.314598,444.123565,9178.553681
1243.083141,536.266849,444.123565,9178.553681
1243.083460,459.657299,296.082377,8956.491898
1243.083779,612.876398,518.144159,9104.533087
1243.084097,612.876398,222.061783,9104.533087
1243.084416,536.266849,370.102971,9030.512492
1243.084735,612.876398,222.061783,9252.574275
1243.085054,689.485948,222.061783,9030.512492
1243.085373,689.485948,296.082377,9104.533087
1243.085691,689.485948,222.061783,9474.636058
1243.086010,536.266849,-0.000000,8808.450710
1243.086329,459.657299,74.020594,9104.533087
1243.086648,766.095498,444.123565,9326.594869
1243.086966,842.705048,222.061783,9030.512492
1243.087285,459.657299,148.041188,9178.553681
1243.087604,536.266849,-0.000000,9030.512492
1243.087923,306.438199,-0.000000,9104.533087
1243.088242,306.438199,148.041188,9178.553681
1243.088560,76.609550,-0.000000,9178.553681
1243.088879,76.609550,-0.000000,9104.533087
1243.089198,306.438199,592.164754,9474.636058
1243.089517,0.000000,296.082377,9400.615463
1243.089836,153.219100,-0.000000,9400.615463
1243.090154,76.609550,222.061783,9178.553681
1243.090473,76.609550,666.185348,9252.574275
1243.090792,229.828649,444.123565,9030.512492
1243.091111,0.000000,222.061783,9178.553681
1243.091429,229.828649,444.123565,9326.594869
1243.091748,229.828649,444.123565,9104.533087
1243.092067,612.876398,740.205942,8882.471304
1243.092386,153.219100,296.082377,9252.574275
1243.092705,919.314598,444.123565,9030.512492
1243.093023,689.485948,370.102971,9252.574275
1243.093342,766.095498,370.102971,9030.512492
1243.093661,919.314598,-0.000000,9030.512492
1243.093980,919.314598,148.041188,9474.636058
1243.094298,919.314598,148.041188,9474.636058
1243.094617,1149.143247,814.226536,9104.533087
1243.094936,919.314598,888.247130,9030.512492
1243.095255,689.485948,518.144159,9178.553681
1243.095574,689.485948,370.102971,9252.574275
1243.095892,766.095498,444.123565,8956.491898
1243.096211,536.266849,370.102971,9178.553681
1243.096530,689.485948,666.185348,9252.574275
1243.096849,766.095498,518.144159,9326.594869
1243.097168,383.047749,148.041188,9474.636058
1243.097486,459.657299,296.082377,9844.739029
1243.097805,383.047749,-0.000000,9548.656652
1243.098124,383.047749,74.020594,9400.615463
1243.098443,612.876398,444.123565,9548.656652
1243.098762,76.609550,296.082377,9400.615463
1243.099081,306.438199,444.123565,9622.677246
1243.099399,0.000000,222.061783,9622.677246
1243.099718,459.657299,-0.000000,9474.636058
1243.100037,383.047749,370.102971,9474.636058
1243.100356,306.438199,666.185348,9474.636058
1243.100675,306.438199,592.164754,9400.615463
1243.100993,306.438199,814.226536,8882.471304
1243.101312,766.095498,148.041188,9474.636058
1243.101631,229.828649,-0.000000,9400.615463
1243.101950,536.266849,518.144159,9474.636058
1243.102269,383.047749,370.102971,9400.615463
1243.102588,306.438199,740.205942,9178.553681
1243.102906,383.047749,296.082377,9178.553681
1243.103225,536.266849,148.041188,9474.636058
1243.103544,612.876398,222.061783,9474.636058
1243.103863,766.095498,370.102971,9104.533087
1243.104182,1072.533697,814.226536,8660.409521
1243.104500,1072.533697,592.164754,9178.553681
1243.104819,842.705048,444.123565,9178.553681
1243.105138,612.876398,222.061783,8882.471304
1243.105457,612.876398,-0.000000,9326.594869
1243.105776,1225.752797,222.061783,9474.636058
1243.106095,919.314598,740.205942,8882.471304
1243.106413,536.266849,592.164754,9178.553681
1243.106732,459.657299,222.061783,9400.615463
1243.107051,229.828649,-0.000000,9400.615463
1243.107370,612.876398,-0.000000,9400.615463
1243.107689,536.266849,-0.000000,9178.553681
1243.108008,612.876398,444.123565,9030.512492
1243.108326,153.219100,370.102971,9326.594869
1243.108645,76.609550,222.061783,9252.574275
1243.108964,306.438199,370.102971,9030.512492
1243.109283,0.000000,444.123565,9252.574275
1243.109602,0.000000,296.082377,9474.636058
1243.109920,76.609550,222.061783,9104.533087
1243.110239,0.000000,888.247130,9326.594869
1243.110558,229.828649,370.102971,9104.533087
1243.110877,0.000000,-0.000000,9622.677246
1243.111196,0.000000,-222.061783,9326.594869
1243.111515,153.219100,444.123565,9400.615463
1243.111833,153.219100,518.144159,8808.450710
1243.112152,306.438199,666.185348,9326.594869
1243.112471,0.000000,666.185348,9178.553681
1243.112790,229.828649,518.144159,9030.512492
1243.113109,459.657299,444.123565,9030.512492
1243.113427,612.876398,814.226536,8956.491898
1243.113746,612.876398,740.205942,9030.512492
1243.114065,612.876398,370.102971,9178.553681
1243.114384,1072.533697,666.185348,9474.636058
1243.114703,306.438199,-0.000000,9252.574275
1243.115022,689.485948,296.082377,9474.636058
1243.115340,1072.533697,370.102971,9400.615463
1243.115659,1149.143247,740.205942,8956.491898
1243.115978,995.924147,740.205942,8808.450710
1243.116297,995.924147,296.082377,9474.636058
1243.116616,995.924147,222.061783,9104.533087
1243.116935,766.095498,592.164754,8956.491898
1243.117253,612.876398,518.144159,9252.574275
1243.117572,383.047749,370.102971,9622.677246
1243.117891,766.095498,148.041188,9474.636058
1243.118210,536.266849,222.061783,9622.677246
1243.118529,229.828649,370.102971,9474.636058
1243.118847,76.609550,444.123565,9474.636058
1243.119166,-383.047749,444.123565,9400.615463
1243.119485,0.000000,-0.000000,9548.656652
1243.119804,0.000000,222.061783,9474.636058
1243.120123,153.219100,148.041188,9548.656652
1243.120442,0.000000,444.123565,9474.636058
1243.120760,0.000000,814.226536,9326.594869
1243.121079,229.828649,444.123565,9252.574275
1243.121398,229.828649,666.185348,9326.594869
1243.121717,459.657299,370.102971,9474.636058
1243.122036,383.047749,962.267725,9252.574275
1243.122354,766.095498,962.267725,9252.574275
1243.122673,229.828649,740.205942,9252.574275
1243.122992,536.266849,666.185348,9474.636058
1243.123311,536.266849,296.082377,9252.574275
1243.123630,612.876398,518.144159,9474.636058
1243.123949,1378.971896,592.164754,9474.636058
1243.124267,689.485948,962.267725,8956.491898
1243.124586,919.314598,222.061783,9474.636058
1243.124905,995.924147,-74.020594,9474.636058
1243.125224,1225.752797,222.061783,9770.718434
1243.125543,1455.581446,518.144159,8586.388927
1243.125861,1455.581446,740.205942,8586.388927
1243.126180,1072.533697,444.123565,9474.636058
1243.126499,1378.971896,444.123565,8956.491898
1243.126818,842.705048,-0.000000,8512.368333
1243.127137,919.314598,-592.164754,9918.759623
1243.127456,383.047749,-74.020594,9548.656652
1243.127774,1302.362347,222.061783,9030.512492
1243.128093,919.314598,-444.123565,9474.636058
1243.128412,842.705048,-222.061783,9474.636058
1243.128731,689.485948,-518.144159,9178.553681
1243.129050,383.047749,-222.061783,9400.615463
1243.129369,383.047749,-296.082377,9844.739029
1243.129687,76.609550,518.144159,9104.533087
1243.130006,153.219100,444.123565,8882.471304
1243.130325,0.000000,-222.061783,9400.615463
1243.130644,76.609550,-74.020594,9104.533087
1243.130963,-153.219100,-0.000000,9178.553681
1243.131281,0.000000,-0.000000,9400.615463
1243.131600,229.828649,592.164754,8882.471304
1243.131919,0.000000,888.247130,9104.533087
1243.132238,-383.047749,-0.000000,9326.594869
1243.132557,0.000000,-0.000000,9474.636058
1243.132876,-153.219100,222.061783,8882.471304
1243.133194,-153.219100,1110.308913,9104.533087
1243.133513,0.000000,962.267725,9252.574275
1243.133832,0.000000,888.247130,8882.471304
1243.134151,0.000000,740.205942,9030.512492
1243.134470,76.609550,666.185348,9104.533087
1243.134788,459.657299,740.205942,8734.430116
1243.135107,689.485948,1110.308913,8512.368333
1243.135426,536.266849,814.226536,8808.450710
1243.135745,536.266849,740.205942,8882.471304
1243.136064,689.485948,592.164754,9252.574275
1243.136383,995.924147,814.226536,9178.553681
1243.136701,766.095498,444.123565,9400.615463
1243.137020,919.314598,962.267725,9178.553681
1243.137339,919.314598,814.226536,9104.533087
1243.137658,919.314598,518.144159,9326.594869
1243.137977,689.485948,666.185348,9252.574275
1243.138296,842.705048,888.247130,9326.594869
1243.138614,1072.533697,592.164754,9474.636058
1243.138933,1072.533697,592.164754,9548.656652
1243.139252,1149.143247,444.123565,9474.636058
1243.139571,919.314598,592.164754,9474.636058
1243.139890,612.876398,296.082377,9992.780217
1243.140208,536.266849,-0.000000,9622.677246
1243.140527,689.485948,148.041188,9622.677246
1243.140846,459.657299,518.144159,9918.759623
1243.141165,842.705048,444.123565,9474.636058
1243.141484,536.266849,518.144159,9474.636058
1243.141803,766.095498,370.102971,9844.739029
1243.142121,306.438199,-0.000000,9770.718434
1243.142440,153.219100,666.185348,9474.636058
1243.142759,306.438199,592.164754,9918.759623
1243.143078,766.095498,296.082377,9622.677246
1243.143397,919.314598,-0.000000,9548.656652
1243.143715,459.657299,222.061783,9400.615463
1243.144034,383.047749,222.061783,9474.636058
1243.144353,536.266849,370.102971,9178.553681
1243.144672,536.266849,296.082377,9400.615463
1243.144991,383.047749,296.082377,9474.636058
1243.145310,383.047749,222.061783,9326.594869
1243.145628,153.219100,518.144159,8882.471304
1243.145947,459.657299,370.102971,9326.594869
1243.146266,306.438199,148.041188,9400.615463
1243.146585,306.438199,222.061783,9104.533087
1243.146904,0.000000,-0.000000,9400.615463
1243.147222,306.438199,-0.000000,8956.491898
1243.147541,306.438199,148.041188,9178.553681
1243.147860,536.266849,148.041188,9326.594869
1243.148179,229.828649,-0.000000,8956.491898
1243.148498,229.828649,-0.000000,9030.512492
1243.148817,383.047749,222.061783,9030.512492
1243.149135,383.047749,-0.000000,9030.512492
1243.149454,383.047749,222.061783,9104.533087
1243.149773,76.609550,-0.000000,9104.533087
1243.150092,153.219100,148.041188,9178.553681
1243.150411,229.828649,-0.000000,9178.553681
1243.150730,383.047749,148.041188,9104.533087
1243.151048,76.609550,148.041188,9030.512492
1243.151367,306.438199,148.041188,9030.512492
1243.151686,229.828649,-0.000000,8882.471304
1243.152005,459.657299,296.082377,9030.512492
1243.152324,306.438199,-0.000000,9178.553681
1243.152642,612.876398,592.164754,9178.553681
1243.152961,536.266849,518.144159,8882.471304
1243.153280,766.095498,814.226536,8512.368333
1243.153599,1225.752797,814.226536,8882.471304
1243.153918,766.095498,666.185348,8808.450710
1243.154237,383.047749,518.144159,8882.471304
1243.154555,536.266849,666.185348,8956.491898
1243.154874,766.095498,888.247130,8734.430116
1243.155193,689.485948,888.247130,8956.491898
1243.155512,919.314598,518.144159,9400.615463
1243.155831,766.095498,148.041188,9326.594869
1243.156149,842.705048,444.123565,9252.574275
1243.156468,383.047749,592.164754,9326.594869
1243.156787,766.095498,740.205942,9252.574275
1243.157106,383.047749,518.144159,9252.574275
1243.157425,459.657299,518.144159,9400.615463
1243.157744,383.047749,666.185348,9252.574275
1243.158062,689.485948,518.144159,9178.553681
1243.158381,536.266849,518.144159,9326.594869
1243.158700,383.047749,444.123565,9622.677246
1243.159019,459.657299,444.123565,9474.636058
1243.159338,153.219100,592.164754,9474.636058
1243.159656,76.609550,444.123565,9622.677246
1243.159975,0.000000,296.082377,9548.656652
1243.160294,612.876398,148.041188,10140.821405
1243.160613,76.609550,148.041188,10362.883188
1243.160932,153.219100,222.061783,9918.759623
1243.161251,0.000000,370.102971,9548.656652
1243.161569,612.876398,-0.000000,9844.739029
1243.161888,153.219100,-0.000000,9992.780217
1243.162207,459.657299,-0.000000,9622.677246
1243.162526,536.266849,740.205942,9474.636058
1243.162845,612.876398,518.144159,9474.636058
1243.163164,612.876398,592.164754,9178.553681
1243.163482,612.876398,592.164754,9622.677246
1243.163801,766.095498,370.102971,9400.615463
1243.164120,766.095498,444.123565,9178.553681
1243.164439,842.705048,518.144159,9326.594869
1243.164758,766.095498,444.123565,9548.656652
1243.165076,306.438199,148.041188,9104.533087
1243.165395,536.266849,518.144159,9474.636058
1243.165714,536.266849,148.041188,9548.656652
1243.166033,612.876398,-0.000000,9252.574275
1243.166352,1225.752797,370.102971,9326.594869
1243.166671,842.705048,740.205942,9326.594869
1243.166989,919.314598,592.164754,8808.450710
1243.167308,612.876398,370.102971,9030.512492
1243.167627,1225.752797,-0.000000,9252.574275
1243.167946,766.095498,-0.000000,9400.615463
1243.168265,536.266849,296.082377,9252.574275
1243.168583,612.876398,370.102971,8808.450710
1243.168902,842.705048,296.082377,8808.450710
1243.169221,153.219100,-0.000000,9326.594869
1243.169540,306.438199,-0.000000,9178.553681
1243.169859,459.657299,-370.102971,9030.512492
1243.170178,383.047749,-0.000000,9104.533087
1243.170496,153.219100,444.123565,9252.574275
1243.170815,0.000000,222.061783,8586.388927
1243.171134,0.000000,-148.041188,9400.615463
1243.171453,0.000000,-74.020594,9474.636058
1243.171772,76.609550,222.061783,8956.491898
1243.172091,229.828649,740.205942,8438.347739
1243.172409,306.438199,518.144159,9326.594869
1243.172728,306.438199,370.102971,8882.471304
1243.173047,229.828649,370.102971,9030.512492
1243.173366,76.609550,370.102971,9104.533087
1243.173685,459.657299,296.082377,9178.553681
1243.174003,459.657299,666.185348,8808.450710
1243.174322,689.485948,592.164754,9474.636058
1243.174641,383.047749,518.144159,8956.491898
1243.174960,153.219100,666.185348,9030.512492
1243.175279,536.266849,370.102971,8882.471304
1243.175598,536.266849,518.144159,9178.553681
1243.175916,536.266849,814.226536,8956.491898
1243.176235,459.657299,888.247130,9326.594869
1243.176554,1225.752797,444.123565,9178.553681
1243.176873,383.047749,296.082377,9400.615463
1243.177192,383.047749,222.061783,9326.594869
1243.177510,459.657299,444.123565,9326.594869
1243.177829,459.657299,518.144159,9104.533087
1243.178148,459.657299,592.164754,9252.574275
1243.178467,536.266849,370.102971,9400.615463
1243.178786,306.438199,148.041188,9252.574275
1243.179105,459.657299,592.164754,9474.636058
1243.179423,76.609550,518.144159,9548.656652
1243.179742,612.876398,296.082377,9622.677246
1243.180061,229.828649,444.123565,9770.718434
1243.180380,229.828649,370.102971,9474.636058
1243.180699,459.657299,222.061783,9474.636058
1243.181017,459.657299,296.082377,9400.615463
1243.181336,306.438199,296.082377,9622.677246
1243.181655,612.876398,-74.020594,9844.739029
1243.181974,612.876398,-0.000000,9696.697840
1243.182293,612.876398,592.164754,9474.636058
1243.182612,842.705048,370.102971,9104.533087
1243.182930,842.705048,370.102971,9474.636058
1243.183249,612.876398,518.144159,9474.636058
1243.183568,919.314598,740.205942,9030.512492
1243.183887,689.485948,592.164754,9474.636058
1243.184206,536.266849,666.185348,9400.615463
1243.184525,766.095498,592.164754,9326.594869
1243.184843,689.485948,666.185348,9474.636058
1243.185162,689.485948,74.020594,9474.636058
1243.185481,612.876398,444.123565,9178.553681
1243.185800,766.095498,370.102971,9326.594869
1243.186119,612.876398,518.144159,9548.656652
1243.186437,689.485948,740.205942,9030.512492
1243.186756,536.266849,518.144159,8882.471304
1243.187075,459.657299,148.041188,9326.594869
1243.187394,766.095498,222.061783,9178.553681
1243.187713,536.266849,666.185348,9252.574275
1243.188032,306.438199,296.082377,9252.574275
1243.188350,76.609550,148.041188,8956.491898
1243.188669,229.828649,-0.000000,8956.491898
1243.188988,0.000000,-296.082377,9104.533087
1243.189307,-153.219100,148.041188,9178.553681
1243.189626,0.000000,370.102971,8956.491898
1243.189944,0.000000,518.144159,9030.512492
1243.190263,0.000000,222.061783,9252.574275
1243.190582,0.000000,-0.000000,9400.615463
1243.190901,0.000000,296.082377,9030.512492
1243.191220,-459.657299,-0.000000,9252.574275
1243.191539,0.000000,370.102971,9030.512492
1243.191857,0.000000,296.082377,9178.553681
1243.192176,76.609550,296.082377,9326.594869
1243.192495,0.000000,148.041188,9400.615463
1243.192814,383.047749,148.041188,9030.512492
1243.193133,459.657299,148.041188,9178.553681
1243.193451,612.876398,370.102971,9030.512492
1243.193770,153.219100,296.082377,9178.553681
1243.194089,766.095498,740.205942,8956.491898
1243.194408,766.095498,296.082377,9104.533087
1243.194727,842.705048,444.123565,9178.553681
1243.195046,1225.752797,-0.000000,9030.512492
1243.195364,1072.533697,518.144159,9030.512492
1243.195683,919.314598,592.164754,9326.594869
1243.196002,1072.533697,370.102971,9104.533087
1243.196321,1455.581446,444.123565,9178.553681
1243.196640,1378.971896,370.102971,9326.594869
1243.196958,1378.971896,518.144159,9178.553681
1243.197277,766.095498,296.082377,9178.553681
1243.197596,842.705048,518.144159,9326.594869
1243.197915,995.924147,222.061783,9400.615463
1243.198234,842.705048,370.102971,9326.594869
1243.198552,766.095498,518.144159,9474.636058
1243.198871,459.657299,518.144159,9474.636058
1243.199190,383.047749,296.082377,9326.594869
1243.199509,689.485948,-0.000000,9622.677246
1243.199828,383.047749,444.123565,9474.636058
1243.200146,0.000000,74.020594,9474.636058
1243.200465,383.047749,370.102971,9400.615463
1243.200784,-229.828649,444.123565,9474.636058
1243.201103,0.000000,222.061783,9326.594869
1243.201422,229.828649,222.061783,9326.594869
1243.201740,76.609550,518.144159,9178.553681
1243.202059,0.000000,1036.288319,9474.636058
1243.202378,383.047749,518.144159,9400.615463
1243.202697,306.438199,666.185348,9178.553681
1243.203016,76.609550,740.205942,9178.553681
1243.203334,229.828649,666.185348,9326.594869
1243.203653,459.657299,740.205942,9252.574275
1243.203972,229.828649,444.123565,9474.636058
1243.204291,229.828649,370.102971,9252.574275
1243.204610,536.266849,296.082377,9548.656652
1243.204928,536.266849,222.061783,9474.636058
1243.205247,612.876398,518.144159,8956.491898
1243.205566,919.314598,370.102971,9030.512492
1243.205885,919.314598,518.144159,9252.574275
1243.206203,919.314598,370.102971,9326.594869
1243.206522,919.314598,-0.000000,9104.533087
1243.206841,766.095498,222.061783,9104.533087
1243.207160,1072.533697,296.082377,9178.553681
1243.207479,1225.752797,222.061783,8882.471304
1243.207797,919.314598,-74.020594,9400.615463
1243.208116,995.924147,-296.082377,9474.636058
1243.208435,842.705048,-148.041188,9326.594869
1243.208754,612.876398,-74.020594,9326.594869
1243.209073,536.266849,518.144159,9474.636058
1243.209391,306.438199,222.061783,9548.656652
1243.209710,383.047749,-0.000000,9474.636058
1243.210029,306.438199,-0.000000,9326.594869
1243.210348,306.438199,-0.000000,9474.636058
1243.210667,0.000000,296.082377,9178.553681
1243.210985,0.000000,-0.000000,9326.594869
1243.211304,0.000000,222.061783,9474.636058
1243.211623,0.000000,-0.000000,9326.594869
1243.211942,-306.438199,148.041188,9030.512492
1243.212261,0.000000,222.061783,9400.615463
1243.212579,0.000000,592.164754,9104.533087
1243.212898,306.438199,592.164754,9178.553681
1243.213217,229.828649,444.123565,8956.491898
1243.213536,76.609550,296.082377,9104.533087
1243.213855,306.438199,592.164754,8734.430116
1243.214173,459.657299,592.164754,9104.533087
1243.214492,383.047749,592.164754,8808.450710
1243.214811,229.828649,370.102971,8734.430116
1243.215130,153.219100,592.164754,9030.512492
1243.215449,383.047749,370.102971,9252.574275
1243.215767,459.657299,666.185348,9030.512492
1243.216086,536.266849,444.123565,8882.471304
1243.216405,766.095498,666.185348,8734.430116
1243.216724,919.314598,666.185348,9400.615463
1243.217043,919.314598,370.102971,8882.471304
1243.217361,842.705048,518.144159,9326.594869
1243.217680,689.485948,444.123565,8956.491898
1243.217999,842.705048,592.164754,9030.512492
1243.218318,1072.533697,370.102971,9030.512492
1243.218637,689.485948,370.102971,9400.615463
1243.218955,689.485948,222.061783,9326.594869
1243.219274,766.095498,-0.000000,9622.677246
1243.219593,766.095498,296.082377,9696.697840
1243.219912,612.876398,296.082377,9178.553681
1243.220231,689.485948,74.020594,9548.656652
1243.220549,919.314598,-0.000000,9696.697840
1243.220868,76.609550,148.041188,9770.718434
1243.221187,536.266849,148.041188,9770.718434
1243.221506,612.876398,296.082377,9400.615463
1243.221824,536.266849,444.123565,9548.656652
1243.222143,766.095498,370.102971,9474.636058
1243.222462,842.705048,296.082377,9474.636058
1243.222781,612.876398,296.082377,9474.636058
1243.223100,536.266849,592.164754,9474.636058
1243.223418,612.876398,518.144159,9252.574275
1243.223737,459.657299,370.102971,9474.636058
1243.224056,612.876398,222.061783,9548.656652
1243.224375,306.438199,148.041188,9474.636058
1243.224694,459.657299,444.123565,9474.636058
1243.225012,383.047749,518.144159,9474.636058
1243.225331,-153.219100,222.061783,9326.594869
1243.225650,383.047749,296.082377,9474.636058
1243.225969,153.219100,-0.000000,9474.636058
1243.226288,76.609550,370.102971,9474.636058
1243.226606,306.438199,666.185348,9252.574275
1243.226925,536.266849,518.144159,8956.491898
1243.227244,459.657299,444.123565,9178.553681
1243.227563,306.438199,222.061783,9178.553681
1243.227882,306.438199,370.102971,9104.533087
1243.228200,76.609550,296.082377,8956.491898
1243.228519,153.219100,740.205942,9104.533087
1243.228838,383.047749,518.144159,9178.553681
1243.229157,306.438199,74.020594,9400.615463
1243.229476,153.219100,296.082377,9104.533087
1243.229794,76.609550,148.041188,9252.574275
1243.230113,0.000000,-0.000000,9474.636058
1243.230432,0.000000,148.041188,9178.553681
1243.230751,76.609550,296.082377,9178.553681
1243.231070,0.000000,370.102971,9326.594869
1243.231388,612.876398,-0.000000,9178.553681
1243.231707,306.438199,444.123565,9252.574275
1243.232026,306.438199,444.123565,9252.574275
1243.232345,306.438199,444.123565,9104.533087
1243.232664,536.266849,370.102971,8882.471304
1243.232982,153.219100,666.185348,8882.471304
1243.233301,689.485948,518.144159,9030.512492
1243.233620,689.485948,518.144159,8882.471304
1243.233939,766.095498,518.144159,8882.471304
1243.234258,766.095498,444.123565,9030.512492
1243.234576,842.705048,814.226536,9178.553681
1243.234895,536.266849,296.082377,8882.471304
1243.235214,383.047749,518.144159,9326.594869
1243.235533,306.438199,518.144159,9104.533087
1243.235852,919.314598,444.123565,9326.594869
1243.236170,612.876398,740.205942,9178.553681
1243.236489,995.924147,518.144159,8882.471304
1243.236808,919.314598,592.164754,9030.512492
1243.237127,766.095498,518.144159,9030.512492
1243.237446,459.657299,370.102971,9104.533087
1243.237764,612.876398,370.102971,9178.553681
1243.238083,612.876398,444.123565,9252.574275
1243.238402,612.876398,296.082377,9252.574275
1243.238721,383.047749,296.082377,9400.615463
1243.239039,536.266849,-0.000000,9474.636058
1243.239358,612.876398,370.102971,9474.636058
1243.239677,153.219100,-0.000000,9622.677246
1243.239996,229.828649,-0.000000,9548.656652
1243.240315,536.266849,-0.000000,9622.677246
1243.240633,0.000000,-74.020594,9548.656652
1243.240952,0.000000,-0.000000,9548.656652
1243.241271,76.609550,-0.000000,9622.677246
1243.241590,229.828649,148.041188,9474.636058
1243.241909,766.095498,222.061783,9474.636058
1243.242227,229.828649,296.082377,9770.718434
1243.242546,229.828649,-0.000000,9474.636058
1243.242865,612.876398,148.041188,9400.615463
1243.243184,459.657299,296.082377,9326.594869
1243.243503,383.047749,-74.020594,9104.533087
1243.243821,536.266849,444.123565,9326.594869
1243.244140,536.266849,370.102971,9400.615463
1243.244459,612.876398,444.123565,9326.594869
1243.244778,842.705048,666.185348,9400.615463
1243.245097,612.876398,592.164754,9104.533087
1243.245415,612.876398,296.082377,9252.574275
1243.245734,689.485948,370.102971,9178.553681
1243.246053,689.485948,592.164754,9252.574275
1243.246372,536.266849,518.144159,9178.553681
1243.246691,689.485948,370.102971,9474.636058
1243.247009,919.314598,518.144159,9104.533087
1243.247328,689.485948,518.144159,9104.533087
1243.247647,459.657299,740.205942,9030.512492
1243.247966,536.266849,222.061783,9178.553681
1243.248285,153.219100,518.144159,9326.594869
1243.248603,306.438199,296.082377,9326.594869
1243.248922,689.485948,296.082377,9030.512492
1243.249241,383.047749,592.164754,8956.491898
1243.249560,153.219100,370.102971,8882.471304
1243.249879,229.828649,370.102971,8956.491898
1243.250197,76.609550,296.082377,9178.553681
1243.250516,76.609550,222.061783,9104.533087
1243.250835,0.000000,370.102971,9178.553681
1243.251154,0.000000,-0.000000,9326.594869
1243.251473,76.609550,370.102971,9252.574275
1243.251791,0.000000,444.123565,9178.553681
1243.252110,153.219100,296.082377,9400.615463
1243.252429,153.219100,370.102971,9252.574275
1243.252748,459.657299,814.226536,9326.594869
1243.253067,536.266849,444.123565,9104.533087
1243.253385,306.438199,592.164754,9104.533087
1243.253704,383.047749,592.164754,9178.553681
1243.254023,842.705048,-0.000000,9030.512492
1243.254342,459.657299,814.226536,9326.594869
1243.254660,459.657299,148.041188,9030.512492
1243.254979,612.876398,666.185348,9178.553681
1243.255298,689.485948,740.205942,9400.615463
1243.255617,536.266849,444.123565,9178.553681
1243.255936,766.095498,592.164754,9252.574275
1243.256254,842.705048,370.102971,9400.615463
1243.256573,995.924147,148.041188,9104.533087
1243.256892,612.876398,740.205942,9178.553681
1243.257211,766.095498,592.164754,9326.594869
1243.257530,612.876398,222.061783,9474.636058
1243.257848,995.924147,592.164754,9474.636058
1243.258167,689.485948,296.082377,9252.574275
1243.258486,689.485948,518.144159,9178.553681
1243.258805,459.657299,444.123565,9770.718434
1243.259124,383.047749,-0.000000,9252.574275
1243.259442,459.657299,-0.000000,9178.553681
1243.259761,229.828649,-0.000000,9622.677246
1243.260080,459.657299,-0.000000,10140.821405
1243.260399,536.266849,-74.020594,9252.574275
1243.260718,459.657299,-0.000000,9474.636058
1243.261036,76.609550,-0.000000,9844.739029
1243.261355,229.828649,148.041188,9400.615463
1243.261674,-459.657299,-0.000000,9252.574275
1243.261993,153.219100,-0.000000,9548.656652
1243.262312,306.438199,296.082377,9474.636058
1243.262630,459.657299,370.102971,9326.594869
1243.262949,612.876398,370.102971,9474.636058
1243.263268,383.047749,370.102971,9474.636058
1243.263587,383.047749,148.041188,9400.615463
1243.263906,919.314598,370.102971,9326.594869
1243.264224,612.876398,370.102971,9474.636058
1243.264543,919.314598,592.164754,9252.574275
1243.264862,689.485948,296.082377,9252.574275
1243.265181,612.876398,592.164754,9252.574275
1243.265500,689.485948,592.164754,8882.471304
1243.265818,612.876398,518.144159,9104.533087
1243.266137,766.095498,296.082377,8882.471304
1243.266456,689.485948,592.164754,9030.512492
1243.266775,612.876398,888.247130,9178.553681
1243.267094,612.876398,740.205942,8882.471304
1243.267412,612.876398,518.144159,8808.450710
1243.267731,842.705048,296.082377,8882.471304
1243.268050,995.924147,518.144159,9326.594869
1243.268369,306.438199,518.144159,9104.533087
1243.268688,612.876398,592.164754,9104.533087
1243.269006,995.924147,148.041188,9030.512492
1243.269325,153.219100,370.102971,9178.553681
1243.269644,153.219100,370.102971,9252.574275
1243.269963,153.219100,296.082377,9104.533087
1243.270281,536.266849,-0.000000,9252.574275
1243.270600,0.000000,-74.020594,9252.574275
1243.270919,153.219100,-148.041188,9400.615463
1243.271238,306.438199,296.082377,9178.553681
1243.271557,76.609550,222.061783,9326.594869
1243.271875,0.000000,-0.000000,9030.512492
1243.272194,0.000000,-0.000000,9474.636058
1243.272513,0.000000,518.144159,9400.615463
1243.272832,229.828649,370.102971,9178.553681
1243.273151,153.219100,222.061783,9400.615463
1243.273469,459.657299,74.020594,9474.636058
1243.273788,1072.533697,222.061783,9326.594869
1243.274107,459.657299,222.061783,8956.491898
1243.274426,536.266849,444.123565,9326.594869
1243.274745,459.657299,444.123565,9104.533087
1243.275063,766.095498,666.185348,8882.471304
1243.275382,689.485948,592.164754,9178.553681
1243.275701,612.876398,518.144159,9178.553681
1243.276020,612.876398,518.144159,9030.512492
1243.276339,612.876398,592.164754,9104.533087
1243.276657,689.485948,444.123565,9104.533087
1243.276976,842.705048,444.123565,9178.553681
1243.277295,842.705048,666.185348,9104.533087
1243.277614,689.485948,296.082377,9326.594869
1243.277933,459.657299,444.123565,9252.574275
1243.278251,766.095498,444.123565,9548.656652
1243.278570,536.266849,370.102971,9178.553681
1243.278889,612.876398,666.185348,9252.574275
1243.279208,383.047749,592.164754,9474.636058
1243.279527,383.047749,592.164754,9326.594869
1243.279845,306.438199,296.082377,9474.636058
1243.280164,306.438199,296.082377,9178.553681
1243.280483,76.609550,518.144159,9474.636058
1243.280802,153.219100,370.102971,9474.636058
1243.281121,229.828649,444.123565,9474.636058
1243.281439,229.828649,222.061783,9252.574275
1243.281758,383.047749,-0.000000,9326.594869
1243.282077,229.828649,370.102971,9474.636058
1243.282396,459.657299,444.123565,9474.636058
1243.282715,536.266849,-0.000000,9474.636058
1243.283033,612.876398,370.102971,9252.574275
1243.283352,383.047749,296.082377,9400.615463
1243.283671,612.876398,518.144159,9326.594869
1243.283990,459.657299,370.102971,9474.636058
1243.284309,383.047749,666.185348,9400.615463
1243.284627,689.485948,740.205942,9252.574275
1243.284946,612.876398,666.185348,9400.615463
1243.285265,612.876398,666.185348,9326.594869
1243.285584,383.047749,518.144159,9326.594869
1243.285903,459.657299,444.123565,9400.615463
1243.286221,612.876398,296.082377,9400.615463
1243.286540,766.095498,592.164754,8956.491898
1243.286859,459.657299,518.144159,9474.636058
1243.287178,536.266849,370.102971,9326.594869
1243.287496,459.657299,370.102971,9104.533087
1243.287815,919.314598,296.082377,9104.533087
1243.288134,536.266849,296.082377,9104.533087
1243.288453,612.876398,296.082377,9178.553681
1243.288772,459.657299,-0.000000,8956.491898
1243.289090,306.438199,-0.000000,9252.574275
1243.289409,689.485948,296.082377,9178.553681
1243.289728,229.828649,-0.000000,9326.594869
1243.290047,383.047749,-0.000000,9104.533087
1243.290366,76.609550,-0.000000,9400.615463
1243.290684,0.000000,-0.000000,9252.574275
1243.291003,0.000000,-0.000000,9326.594869
1243.291322,0.000000,-0.000000,9252.574275
1243.291641,0.000000,444.123565,9178.553681
1243.291960,76.609550,-0.000000,9400.615463
1243.292278,0.000000,148.041188,9178.553681
1243.292597,229.828649,296.082377,9030.512492
1243.292916,0.000000,-0.000000,9104.533087
1243.293235,383.047749,222.061783,9474.636058
1243.293554,153.219100,222.061783,9252.574275
1243.293872,383.047749,370.102971,9030.512492
1243.294191,383.047749,518.144159,9178.553681
1243.294510,383.047749,592.164754,9030.512492
1243.294829,459.657299,666.185348,9178.553681
1243.295148,383.047749,518.144159,9178.553681
1243.295466,689.485948,222.061783,9400.615463
1243.295785,306.438199,296.082377,9252.574275
1243.296104,919.314598,666.185348,9252.574275
1243.296423,689.485948,222.061783,9252.574275
1243.296742,536.266849,592.164754,8882.471304
1243.297060,536.266849,444.123565,9178.553681
1243.297379,842.705048,370.102971,9030.512492
1243.297698,842.705048,518.144159,9178.553681
1243.298017,842.705048,370.102971,9030.512492
1243.298336,689.485948,740.205942,9030.512492
1243.298654,689.485948,666.185348,9104.533087
1243.298973,1072.533697,370.102971,9474.636058
1243.299292,1072.533697,444.123565,9400.615463
1243.299611,766.095498,148.041188,9252.574275
1243.299930,536.266849,-0.000000,9474.636058
1243.300248,536.266849,296.082377,9622.677246
1243.300567,536.266849,592.164754,9548.656652
1243.300886,612.876398,296.082377,9622.677246
1243.301205,306.438199,-0.000000,9622.677246
1243.301524,383.047749,148.041188,9548.656652
1243.301842,612.876398,222.061783,9474.636058
1243.302161,612.876398,370.102971,9400.615463
1243.302480,612.876398,296.082377,9474.636058
1243.302799,306.438199,148.041188,9474.636058
1243.303118,536.266849,444.123565,9474.636058
1243.303436,306.438199,222.061783,9474.636058
1243.303755,459.657299,444.123565,9474.636058
1243.304074,306.438199,666.185348,9326.594869
1243.304393,306.438199,296.082377,9474.636058
1243.304712,383.047749,518.144159,9474.636058
1243.305030,306.438199,296.082377,9400.615463
1243.305349,536.266849,296.082377,9474.636058
1243.305668,536.266849,444.123565,9474.636058
1243.305987,612.876398,666.185348,9252.574275
1243.306306,306.438199,518.144159,9178.553681
1243.306624,383.047749,444.123565,9178.553681
1243.306943,383.047749,518.144159,9104.533087
1243.307262,536.266849,370.102971,8956.491898
1243.307581,459.657299,518.144159,9252.574275
1243.307900,612.876398,444.123565,8956.491898
1243.308218,536.266849,370.102971,9030.512492
1243.308537,306.438199,370.102971,9178.553681
1243.308856,306.438199,222.061783,9030.512492
1243.309175,459.657299,666.185348,9104.533087
1243.309494,536.266849,518.144159,9178.553681
1243.309812,459.657299,370.102971,9252.574275
1243.310131,229.828649,444.123565,9178.553681
1243.310450,0.000000,296.082377,9178.553681
1243.310769,76.609550,222.061783,9178.553681
1243.311088,229.828649,148.041188,9252.574275
1243.311406,76.609550,148.041188,9252.574275
1243.311725,0.000000,-0.000000,9400.615463
1243.312044,76.609550,296.082377,9400.615463
1243.312363,229.828649,222.061783,9104.533087
1243.312682,229.828649,592.164754,9178.553681
1243.313000,229.828649,296.082377,9252.574275
1243.313319,229.828649,-74.020594,9104.533087
1243.313638,229.828649,370.102971,9252.574275
1243.313957,383.047749,666.185348,9178.553681
1243.314276,306.438199,592.164754,8956.491898
1243.314594,153.219100,740.205942,9104.533087
1243.314913,612.876398,592.164754,9178.553681
1243.315232,842.705048,518.144159,9104.533087
1243.315551,459.657299,814.226536,9400.615463
1243.315870,306.438199,740.205942,9030.512492
1243.316188,612.876398,666.185348,9030.512492
1243.316507,766.095498,592.164754,9548.656652
1243.316826,766.095498,740.205942,9326.594869
1243.317145,766.095498,666.185348,9178.553681
1243.317464,919.314598,592.164754,9030.512492
1243.317782,995.924147,518.144159,9400.615463
1243.318101,842.705048,370.102971,9622.677246
1243.318420,1072.533697,370.102971,9474.636058
1243.318739,612.876398,148.041188,9474.636058
1243.319058,919.314598,296.082377,9474.636058
1243.319376,689.485948,-0.000000,9178.553681
1243.319695,689.485948,444.123565,9400.615463
1243.320014,766.095498,296.082377,9474.636058
1243.320333,459.657299,148.041188,9622.677246
1243.320652,459.657299,-0.000000,9474.636058
1243.320970,306.438199,370.102971,9548.656652
1243.321289,229.828649,370.102971,9474.636058
1243.321608,229.828649,-0.000000,9622.677246
1243.321927,306.438199,-222.061783,9696.697840
1243.322246,306.438199,-370.102971,9696.697840
1243.322564,459.657299,-0.000000,9696.697840
1243.322883,459.657299,296.082377,9696.697840
1243.323202,536.266849,444.123565,9252.574275
1243.323521,459.657299,222.061783,9474.636058
1243.323840,306.438199,222.061783,9474.636058
1243.324158,612.876398,-74.020594,9474.636058
1243.324477,306.438199,370.102971,9326.594869
1243.324796,459.657299,518.144159,9104.533087
1243.325115,383.047749,444.123565,9030.512492
1243.325434,612.876398,296.082377,9474.636058
1243.325752,153.219100,-0.000000,9326.594869
1243.326071,306.438199,148.041188,9252.574275
1243.326390,612.876398,518.144159,9252.574275
1243.326709,459.657299,296.082377,9400.615463
1243.327028,689.485948,148.041188,9252.574275
1243.327346,689.485948,370.102971,9252.574275
1243.327665,229.828649,148.041188,9030.512492
1243.327984,536.266849,370.102971,8956.491898
1243.328303,995.924147,370.102971,8956.491898
1243.328622,995.924147,666.185348,8808.450710
1243.328940,612.876398,592.164754,8586.388927
1243.329259,689.485948,-74.020594,9104.533087
1243.329578,689.485948,-0.000000,9252.574275
1243.329897,383.047749,-0.000000,9030.512492
1243.330216,383.047749,-0.000000,8734.430116
1243.330534,612.876398,296.082377,9030.512492
1243.330853,229.828649,-0.000000,9252.574275
1243.331172,229.828649,-0.000000,9252.574275
1243.331491,229.828649,148.041188,9326.594869
1243.331810,0.000000,592.164754,9178.553681
1243.332128,153.219100,444.123565,8956.491898
1243.332447,0.000000,296.082377,9030.512492
1243.332766,842.705048,-0.000000,9104.533087
1243.333085,0.000000,222.061783,9400.615463
1243.333404,0.000000,-0.000000,9030.512492
1243.333722,459.657299,370.102971,9252.574275
1243.334041,383.047749,592.164754,9400.615463
1243.334360,229.828649,444.123565,9400.615463
1243.334679,383.047749,-0.000000,9400.615463
1243.334998,306.438199,518.144159,9178.553681
1243.335316,689.485948,962.267725,9178.553681
1243.335635,536.266849,888.247130,8956.491898
1243.335954,612.876398,666.185348,9474.636058
1243.336273,383.047749,444.123565,9178.553681
1243.336592,689.485948,740.205942,9104.533087
1243.336910,919.314598,814.226536,9104.533087
1243.337229,766.095498,888.247130,9326.594869
1243.337548,229.828649,666.185348,9326.594869
1243.337867,536.266849,666.185348,9326.594869
1243.338186,536.266849,444.123565,9326.594869
1243.338504,995.924147,814.226536,9474.636058
1243.338823,1072.533697,814.226536,9326.594869
1243.339142,919.314598,814.226536,9178.553681
1243.339461,689.485948,814.226536,9252.574275
1243.339780,612.876398,592.164754,9326.594869
1243.340098,459.657299,518.144159,9474.636058
1243.340417,383.047749,666.185348,9474.636058
1243.340736,459.657299,740.205942,9474.636058
1243.341055,153.219100,222.061783,9400.615463
1243.341374,306.438199,148.041188,9474.636058
1243.341692,229.828649,-0.000000,9548.656652
1243.342011,153.219100,222.061783,9770.718434
1243.342330,76.609550,148.041188,9548.656652
1243.342649,153.219100,370.102971,9696.697840
1243.342968,0.000000,-0.000000,9474.636058
1243.343286,459.657299,-0.000000,9474.636058
1243.343605,153.219100,148.041188,9474.636058
1243.343924,76.609550,370.102971,9474.636058
1243.344243,536.266849,444.123565,9252.574275
1243.344562,459.657299,370.102971,9474.636058
1243.344880,536.266849,148.041188,9474.636058
1243.345199,229.828649,-0.000000,9474.636058
1243.345518,612.876398,-0.000000,9474.636058
1243.345837,689.485948,296.082377,9326.594869
1243.346156,689.485948,370.102971,9326.594869
1243.346474,459.657299,-0.000000,9400.615463
1243.346793,459.657299,222.061783,9400.615463
1243.347112,766.095498,296.082377,9178.553681
1243.347431,766.095498,370.102971,9104.533087
1243.347750,919.314598,370.102971,9178.553681
1243.348068,919.314598,370.102971,8882.471304
1243.348387,612.876398,296.082377,9030.512492
1243.348706,536.266849,148.041188,9104.533087
1243.349025,612.876398,-0.000000,9030.512492
1243.349344,383.047749,296.082377,9104.533087
1243.349662,689.485948,370.102971,9326.594869
1243.349981,383.047749,-0.000000,9178.553681
1243.350300,689.485948,-0.000000,9030.512492
1243.350619,383.047749,296.082377,9104.533087
1243.350938,766.095498,148.041188,9030.512492
1243.351256,153.219100,-0.000000,8882.471304
1243.351575,0.000000,148.041188,9030.512492
1243.351894,0.000000,370.102971,9252.574275
1243.352213,-153.219100,-0.000000,9252.574275
1243.352532,0.000000,-74.020594,9474.636058
1243.352850,0.000000,296.082377,9548.656652
1243.353169,0.000000,-0.000000,9104.533087
1243.353488,0.000000,222.061783,9104.533087
1243.353807,-153.219100,148.041188,9400.615463
1243.354126,0.000000,444.123565,9178.553681
1243.354444,76.609550,370.102971,9178.553681
1243.354763,229.828649,666.185348,8956.491898
1243.355082,306.438199,814.226536,8956.491898
1243.355401,383.047749,518.144159,9030.512492
1243.355719,383.047749,666.185348,9030.512492
1243.356038,306.438199,666.185348,9104.533087
1243.356357,689.485948,518.144159,9178.553681
1243.356676,612.876398,444.123565,9474.636058
1243.356995,766.095498,222.061783,9252.574275
1243.357313,383.047749,518.144159,9326.594869
1243.357632,612.876398,740.205942,9178.553681
1243.357951,612.876398,592.164754,9030.512492
1243.358270,689.485948,740.205942,9326.594869
1243.358589,689.485948,740.205942,9326.594869
1243.358907,842.705048,814.226536,9400.615463
1243.359226,919.314598,518.144159,9178.553681
1243.359545,842.705048,518.144159,9252.574275
1243.359864,842.705048,222.061783,9252.574275
1243.360183,612.876398,296.082377,9474.636058
1243.360501,536.266849,444.123565,9474.636058
1243.360820,229.828649,370.102971,9474.636058
1243.361139,459.657299,592.164754,9622.677246
1243.361458,842.705048,296.082377,9770.718434
1243.361777,229.828649,444.123565,9548.656652
1243.362095,306.438199,518.144159,9622.677246
1243.362414,306.438199,370.102971,9474.636058
1243.362733,229.828649,518.144159,9696.697840
1243.363052,306.438199,444.123565,9696.697840
1243.363371,536.266849,592.164754,9696.697840
1243.363689,306.438199,666.185348,9400.615463
1243.364008,459.657299,370.102971,9178.553681
1243.364327,459.657299,444.123565,9474.636058
1243.364646,689.485948,370.102971,9400.615463
1243.364965,459.657299,444.123565,9400.615463
1243.365283,689.485948,296.082377,9400.615463
1243.365602,689.485948,444.123565,9400.615463
1243.365921,842.705048,370.102971,9178.553681
1243.366240,612.876398,518.144159,9474.636058
1243.366559,459.657299,-0.000000,9326.594869
1243.366877,612.876398,296.082377,9178.553681
1243.367196,383.047749,148.041188,9104.533087
1243.367515,306.438199,222.061783,9252.574275
1243.367834,689.485948,222.061783,9178.553681
1243.368153,536.266849,-0.000000,9104.533087
1243.368471,612.876398,-0.000000,9030.512492
1243.368790,766.095498,74.020594,8956.491898
1243.369109,1072.533697,222.061783,9104.533087
1243.369428,459.657299,296.082377,9326.594869
1243.369747,689.485948,296.082377,8956.491898
1243.370065,306.438199,148.041188,9104.533087
1243.370384,153.219100,-0.000000,9030.512492
1243.370703,0.000000,-74.020594,9030.512492
1243.371022,229.828649,74.020594,8956.491898
1243.371341,76.609550,222.061783,9252.574275
1243.371659,0.000000,-0.000000,9178.553681
1243.371978,383.047749,-74.020594,9252.574275
1243.372297,0.000000,-0.000000,9178.553681
1243.372616,0.000000,-222.061783,9104.533087
1243.372935,0.000000,148.041188,9326.594869
1243.373253,76.609550,-0.000000,9178.553681
1243.373572,536.266849,-74.020594,8882.471304
1243.373891,76.609550,222.061783,9030.512492
1243.374210,229.828649,370.102971,9030.512492
1243.374529,306.438199,296.082377,9178.553681
1243.374847,536.266849,444.123565,9252.574275
1243.375166,306.438199,296.082377,9104.533087
1243.375485,459.657299,518.144159,8882.471304
1243.375804,383.047749,666.185348,9178.553681
1243.376123,536.266849,518.144159,9178.553681
1243.376441,689.485948,518.144159,8956.491898
1243.376760,995.924147,444.123565,9252.574275
1243.377079,842.705048,518.144159,9030.512492
1243.377398,842.705048,740.205942,9178.553681
1243.377717,995.924147,666.185348,9030.512492
1243.378035,1225.752797,666.185348,9252.574275
1243.378354,689.485948,666.185348,8956.491898
1243.378673,995.924147,666.185348,9104.533087
1243.378992,919.314598,370.102971,9252.574275
1243.379311,842.705048,740.205942,9400.615463
1243.379629,612.876398,296.082377,9104.533087
1243.379948,536.266849,592.164754,9326.594869
1243.380267,536.266849,592.164754,9474.636058
1243.380586,383.047749,518.144159,9178.553681
1243.380905,536.266849,444.123565,9622.677246
1243.381223,383.047749,740.205942,9474.636058
1243.381542,0.000000,444.123565,9548.656652
1243.381861,536.266849,666.185348,9474.636058
1243.382180,459.657299,370.102971,9474.636058
1243.382499,306.438199,518.144159,9918.759623
1243.382817,306.438199,296.082377,9474.636058
1243.383136,229.828649,518.144159,9696.697840
1243.383455,306.438199,370.102971,9474.636058
1243.383774,306.438199,444.123565,9474.636058
1243.384093,383.047749,296.082377,9474.636058
1243.384411,76.609550,444.123565,9474.636058
1243.384730,459.657299,592.164754,9696.697840
1243.385049,153.219100,444.123565,9474.636058
1243.385368,383.047749,518.144159,9474.636058
1243.385687,766.095498,222.061783,9030.512492
1243.386005,459.657299,296.082377,9474.636058
1243.386324,76.609550,148.041188,9400.615463
1243.386643,306.438199,222.061783,9400.615463
1243.386962,766.095498,222.061783,9400.615463
1243.387281,459.657299,370.102971,9474.636058
1243.387599,766.095498,370.102971,9400.615463
1243.387918,536.266849,370.102971,9326.594869
1243.388237,766.095498,370.102971,9030.512492
1243.388556,689.485948,296.082377,9104.533087
1243.388875,1225.752797,296.082377,9030.512492
1243.389193,919.314598,370.102971,9326.594869
1243.389512,612.876398,222.061783,8956.491898
1243.389831,612.876398,222.061783,8956.491898
1243.390150,919.314598,-148.041188,9104.533087
1243.390469,459.657299,148.041188,9030.512492
1243.390787,229.828649,296.082377,9104.533087
1243.391106,306.438199,-0.000000,9030.512492
1243.391425,153.219100,-0.000000,9178.553681
1243.391744,153.219100,-0.000000,9400.615463
1243.392063,153.219100,-0.000000,9104.533087
1243.392381,0.000000,222.061783,9326.594869
1243.392700,-76.609550,-0.000000,9252.574275
1243.393019,229.828649,370.102971,9252.574275
1243.393338,76.609550,222.061783,8956.491898
1243.393657,229.828649,222.061783,9030.512492
1243.393975,229.828649,370.102971,8956.491898
1243.394294,383.047749,518.144159,8956.491898
1243.394613,306.438199,370.102971,8956.491898
1243.394932,459.657299,370.102971,9326.594869
1243.395251,766.095498,518.144159,8734.430116
1243.395569,689.485948,444.123565,8956.491898
1243.395888,536.266849,444.123565,9104.533087
1243.396207,689.485948,-0.000000,9030.512492
1243.396526,536.266849,296.082377,9178.553681
1243.396845,919.314598,518.144159,9104.533087
1243.397163,383.047749,592.164754,9104.533087
1243.397482,536.266849,370.102971,8956.491898
1243.397801,1378.971896,-0.000000,9474.636058
1243.398120,766.095498,666.185348,9474.636058
1243.398438,842.705048,518.144159,9178.553681
1243.398757,689.485948,444.123565,9252.574275
1243.399076,766.095498,518.144159,9178.553681
1243.399395,766.095498,666.185348,9474.636058
1243.399714,612.876398,518.144159,9252.574275
1243.400032,459.657299,444.123565,9252.574275
1243.400351,536.266849,296.082377,9252.574275
1243.400670,612.876398,222.061783,9622.677246
1243.400989,536.266849,444.123565,9622.677246
1243.401307,306.438199,592.164754,9770.718434
1243.401626,153.219100,370.102971,9474.636058
1243.401945,383.047749,518.144159,9622.677246
1243.402264,766.095498,370.102971,9844.739029
1243.402583,306.438199,370.102971,9474.636058
1243.402901,229.828649,444.123565,9474.636058
1243.403220,229.828649,444.123565,9474.636058
1243.403539,459.657299,370.102971,9474.636058
1243.403858,536.266849,-0.000000,9548.656652
1243.404176,306.438199,222.061783,9474.636058
1243.404495,383.047749,592.164754,9474.636058
1243.404814,153.219100,444.123565,9474.636058
1243.405133,612.876398,518.144159,9400.615463
1243.405452,383.047749,296.082377,9474.636058
1243.405770,536.266849,370.102971,9474.636058
1243.406089,383.047749,592.164754,9474.636058
1243.406408,459.657299,592.164754,9400.615463
1243.406727,536.266849,370.102971,9400.615463
1243.407045,689.485948,592.164754,9326.594869
1243.407364,536.266849,518.144159,9104.533087
1243.407683,766.095498,518.144159,9178.553681
1243.408002,1302.362347,222.061783,9474.636058
1243.408321,766.095498,370.102971,9252.574275
1243.408639,995.924147,444.123565,9326.594869
1243.408958,689.485948,296.082377,9178.553681
1243.409277,766.095498,296.082377,9326.594869
1243.409596,612.876398,222.061783,9252.574275
1243.409915,612.876398,148.041188,8956.491898
1243.410233,919.314598,296.082377,9030.512492
1243.410552,153.219100,296.082377,9178.553681
1243.410871,383.047749,-0.000000,9326.594869
1243.411190,-536.266849,-148.041188,9400.615463
1243.411508,153.219100,-0.000000,9326.594869
1243.411827,0.000000,-0.000000,9178.553681
1243.412146,-153.219100,148.041188,9326.594869
1243.412465,383.047749,-0.000000,9252.574275
1243.412784,0.000000,-0.000000,9252.574275
1243.413102,0.000000,-0.000000,9252.574275
1243.413421,76.609550,-0.000000,9178.553681
1243.413740,0.000000,-0.000000,9104.533087
1243.414059,689.485948,-0.000000,9252.574275
1243.414377,153.219100,74.020594,9178.553681
1243.414696,383.047749,296.082377,8882.471304
1243.415015,153.219100,296.082377,8956.491898
1243.415334,229.828649,370.102971,8882.471304
1243.415653,612.876398,666.185348,9030.512492
1243.415971,536.266849,370.102971,9030.512492
1243.416290,689.485948,444.123565,9104.533087
1243.416609,383.047749,370.102971,9178.553681
1243.416928,766.095498,444.123565,9104.533087
1243.417246,1225.752797,444.123565,8734.430116
1243.417565,995.924147,740.205942,9178.553681
1243.417884,842.705048,444.123565,9030.512492
1243.418203,766.095498,518.144159,8956.491898
1243.418522,1149.143247,518.144159,8956.491898
1243.418840,1149.143247,444.123565,9104.533087
1243.419159,689.485948,518.144159,9252.574275
1243.419478,766.095498,518.144159,9030.512492
1243.419797,612.876398,444.123565,9104.533087
1243.420115,919.314598,370.102971,9252.574275
1243.420434,612.876398,-148.041188,9548.656652
1243.420753,383.047749,518.144159,9400.615463
1243.421072,383.047749,444.123565,9474.636058
1243.421391,383.047749,222.061783,9400.615463
1243.421709,459.657299,222.061783,9474.636058
1243.422028,229.828649,222.061783,9474.636058
1243.422347,76.609550,666.185348,9622.677246
1243.422666,76.609550,296.082377,9474.636058
1243.422984,0.000000,518.144159,9548.656652
1243.423303,153.219100,518.144159,9696.697840
1243.423622,306.438199,444.123565,9474.636058
1243.423941,0.000000,222.061783,9696.697840
1243.424260,306.438199,592.164754,9474.636058
1243.424578,383.047749,296.082377,9548.656652
1243.424897,766.095498,592.164754,9474.636058
1243.425216,689.485948,592.164754,9696.697840
1243.425535,766.095498,592.164754,9474.636058
1243.425853,689.485948,740.205942,9326.594869
1243.426172,766.095498,444.123565,9474.636058
1243.426491,1378.971896,444.123565,9178.553681
1243.426810,612.876398,592.164754,9622.677246
1243.427129,842.705048,370.102971,9178.553681
1243.427447,919.314598,518.144159,9178.553681
1243.427766,1149.143247,592.164754,9326.594869
1243.428085,612.876398,592.164754,9400.615463
1243.428404,842.705048,666.185348,9400.615463
1243.428722,689.485948,666.185348,9326.594869
1243.429041,995.924147,444.123565,9400.615463
1243.429360,459.657299,-0.000000,8734.430116
1243.429679,689.485948,-0.000000,9178.553681
1243.429998,689.485948,-0.000000,8882.471304
1243.430316,689.485948,370.102971,9030.512492
1243.430635,153.219100,222.061783,9252.574275
1243.430954,383.047749,-74.020594,9252.574275
1243.431273,153.219100,-0.000000,9252.574275
1243.431591,306.438199,222.061783,9104.533087
1243.431910,76.609550,-0.000000,9104.533087
1243.432229,229.828649,-0.000000,9178.553681
1243.432548,153.219100,-0.000000,9400.615463
1243.432867,0.000000,370.102971,9104.533087
1243.433185,-383.047749,-0.000000,9252.574275
1243.433504,-383.047749,148.041188,9252.574275
1243.433823,-306.438199,74.020594,9400.615463
1243.434142,-153.219100,296.082377,9104.533087
1243.434460,0.000000,148.041188,9030.512492
1243.434779,0.000000,370.102971,9252.574275
1243.435098,306.438199,518.144159,9104.533087
1243.435417,153.219100,296.082377,8882.471304
1243.435736,229.828649,296.082377,8808.450710
1243.436054,766.095498,592.164754,8808.450710
1243.436373,459.657299,592.164754,8956.491898
1243.436692,766.095498,740.205942,8734.430116
1243.437011,842.705048,370.102971,8956.491898
1243.437329,612.876398,444.123565,8882.471304
1243.437648,1072.533697,518.144159,9030.512492
1243.437967,919.314598,666.185348,8956.491898
1243.438286,919.314598,444.123565,9178.553681
1243.438605,842.705048,444.123565,9178.553681
1243.438923,766.095498,296.082377,9178.553681
1243.439242,919.314598,444.123565,9252.574275
1243.439561,919.314598,370.102971,9326.594869
1243.439880,612.876398,222.061783,9474.636058
1243.440198,766.095498,370.102971,9178.553681
1243.440517,766.095498,666.185348,9252.574275
1243.440836,612.876398,518.144159,9252.574275
1243.441155,612.876398,370.102971,9474.636058
1243.441474,383.047749,222.061783,9474.636058
1243.441792,306.438199,296.082377,9400.615463
1243.442111,76.609550,-0.000000,9474.636058
1243.442430,153.219100,148.041188,9474.636058
1243.442749,229.828649,-0.000000,9696.697840
1243.443067,383.047749,518.144159,9474.636058
1243.443386,76.609550,370.102971,9770.718434
1243.443705,76.609550,222.061783,9622.677246
1243.444024,153.219100,148.041188,9548.656652
1243.444343,0.000000,444.123565,9622.677246
1243.444661,383.047749,296.082377,9474.636058
1243.444980,383.047749,740.205942,9548.656652
1243.445299,612.876398,740.205942,9474.636058
1243.445618,536.266849,740.205942,9400.615463
1243.445936,229.828649,518.144159,9400.615463
1243.446255,306.438199,666.185348,9178.553681
1243.446574,306.438199,222.061783,9252.574275
1243.446893,689.485948,666.185348,9104.533087
1243.447212,459.657299,666.185348,9400.615463
1243.447530,842.705048,222.061783,9474.636058
1243.447849,383.047749,592.164754,9252.574275
1243.448168,612.876398,592.164754,9400.615463
1243.448487,766.095498,444.123565,9326.594869
1243.448805,459.657299,518.144159,9474.636058
1243.449124,919.314598,296.082377,9548.656652
1243.449443,612.876398,296.082377,9400.615463
1243.449762,995.924147,444.123565,9178.553681
1243.450081,689.485948,222.061783,9178.553681
1243.450399,459.657299,-0.000000,8956.491898
1243.450718,459.657299,444.123565,9252.574275
1243.451037,536.266849,148.041188,9030.512492
1243.451356,459.657299,-0.000000,9178.553681
1243.451674,383.047749,222.061783,8956.491898
1243.451993,153.219100,222.061783,9400.615463
1243.452312,76.609550,-0.000000,9400.615463
1243.452631,153.219100,296.082377,9104.533087
1243.452950,0.000000,74.020594,9474.636058
1243.453268,0.000000,-0.000000,9400.615463
1243.453587,-229.828649,-0.000000,9474.636058
1243.453906,0.000000,-0.000000,9474.636058
1243.454225,0.000000,370.102971,9326.594869
1243.454543,306.438199,370.102971,9326.594869
1243.454862,689.485948,370.102971,9252.574275
1243.455181,766.095498,296.082377,9104.533087
1243.455500,536.266849,370.102971,8882.471304
1243.455819,766.095498,592.164754,9030.512492
1243.456137,766.095498,444.123565,8882.471304
1243.456456,612.876398,370.102971,9104.533087
1243.456775,842.705048,370.102971,9030.512492
1243.457094,842.705048,370.102971,9030.512492
1243.457412,766.095498,518.144159,9178.553681
1243.457731,842.705048,518.144159,9104.533087
1243.458050,842.705048,592.164754,9178.553681
1243.458369,1149.143247,444.123565,9178.553681
1243.458688,536.266849,592.164754,9326.594869
1243.459006,842.705048,666.185348,9178.553681
1243.459325,689.485948,444.123565,9178.553681
1243.459644,689.485948,666.185348,9326.594869
1243.459963,689.485948,592.164754,9326.594869
1243.460281,689.485948,370.102971,9252.574275
1243.460600,842.705048,370.102971,9104.533087
1243.460919,612.876398,296.082377,9178.553681
1243.461238,612.876398,-0.000000,9400.615463
1243.461557,459.657299,222.061783,9400.615463
1243.461875,459.657299,592.164754,9400.615463
1243.462194,153.219100,296.082377,9474.636058
1243.462513,306.438199,222.061783,9400.615463
1243.462832,306.438199,296.082377,9474.636058
1243.463150,76.609550,222.061783,9474.636058
1243.463469,0.000000,148.041188,9326.594869
1243.463788,153.219100,222.061783,9400.615463
1243.464107,229.828649,518.144159,9548.656652
1243.464426,536.266849,444.123565,9326.594869
1243.464744,383.047749,370.102971,9252.574275
1243.465063,306.438199,370.102971,9548.656652
1243.465382,689.485948,666.185348,9326.594869
1243.465701,766.095498,518.144159,9326.594869
1243.466019,536.266849,592.164754,9326.594869
1243.466338,459.657299,518.144159,9400.615463
1243.466657,536.266849,518.144159,9474.636058
1243.466976,766.095498,518.144159,9474.636058
1243.467295,766.095498,444.123565,9326.594869
1243.467613,536.266849,370.102971,9178.553681
1243.467932,689.485948,592.164754,9178.553681
1243.468251,536.266849,518.144159,9474.636058
1243.468570,459.657299,370.102971,9104.533087
1243.468889,536.266849,444.123565,9400.615463
1243.469207,459.657299,296.082377,9252.574275
1243.469526,536.266849,296.082377,9252.574275
1243.469845,689.485948,370.102971,9178.553681
1243.470164,689.485948,592.164754,9104.533087
1243.470482,536.266849,444.123565,9252.574275
1243.470801,383.047749,296.082377,9400.615463
1243.471120,536.266849,518.144159,9252.574275
1243.471439,459.657299,222.061783,9326.594869
1243.471758,153.219100,148.041188,9178.553681
1243.472076,76.609550,296.082377,9326.594869
1243.472395,0.000000,-0.000000,9252.574275
1243.472714,0.000000,222.061783,9178.553681
1243.473033,459.657299,-370.102971,9400.615463
1243.473351,0.000000,296.082377,9326.594869
1243.473670,0.000000,148.041188,9178.553681
1243.473989,0.000000,222.061783,9326.594869
1243.474308,76.609550,222.061783,9326.594869
1243.474627,229.828649,-0.000000,9474.636058
1243.474945,-229.828649,296.082377,9474.636058
1243.475264,229.828649,592.164754,9178.553681
1243.475583,229.828649,518.144159,9252.574275
1243.475902,612.876398,518.144159,9030.512492
1243.476220,383.047749,592.164754,8808.450710
1243.476539,536.266849,592.164754,8882.471304
1243.476858,689.485948,592.164754,8956.491898
1243.477177,766.095498,592.164754,9030.512492
1243.477496,689.485948,-0.000000,8882.471304
1243.477814,383.047749,-0.000000,9030.512492
1243.478133,536.266849,296.082377,9252.574275
1243.478452,995.924147,666.185348,9104.533087
1243.478771,536.266849,444.123565,9178.553681
1243.479089,766.095498,296.082377,9252.574275
1243.479408,536.266849,444.123565,9030.512492
1243.479727,689.485948,518.144159,9178.553681
1243.480046,766.095498,518.144159,9326.594869
1243.480365,383.047749,444.123565,9178.553681
1243.480683,689.485948,370.102971,9474.636058
1243.481002,536.266849,518.144159,9400.615463
1243.481321,153.219100,370.102971,9474.636058
1243.481640,459.657299,296.082377,9178.553681
1243.481958,229.828649,222.061783,9474.636058
1243.482277,76.609550,370.102971,9844.739029
1243.482596,459.657299,296.082377,9474.636058
1243.482915,229.828649,444.123565,9622.677246
1243.483234,459.657299,444.123565,9474.636058
1243.483552,76.609550,-0.000000,9622.677246
1243.483871,612.876398,444.123565,9770.718434
1243.484190,0.000000,296.082377,9474.636058
1243.484509,536.266849,370.102971,9326.594869
1243.484827,459.657299,444.123565,9400.615463
1243.485146,612.876398,370.102971,9474.636058
1243.485465,459.657299,222.061783,9326.594869
1243.485784,459.657299,370.102971,9400.615463
1243.486103,689.485948,370.102971,9400.615463
1243.486421,612.876398,518.144159,9474.636058
1243.486740,459.657299,518.144159,9474.636058
1243.487059,383.047749,518.144159,9252.574275
1243.487378,459.657299,296.082377,9178.553681
1243.487696,919.314598,518.144159,9252.574275
1243.488015,766.095498,518.144159,9030.512492
1243.488334,842.705048,370.102971,9326.594869
1243.488653,919.314598,370.102971,9252.574275
1243.488972,842.705048,444.123565,9252.574275
1243.489290,919.314598,518.144159,9326.594869
1243.489609,1225.752797,592.164754,9178.553681
1243.489928,995.924147,370.102971,9400.615463
1243.490247,919.314598,-0.000000,9104.533087
1243.490565,919.314598,370.102971,9104.533087
1243.490884,689.485948,370.102971,9178.553681
1243.491203,459.657299,-0.000000,9178.553681
1243.491522,766.095498,296.082377,9104.533087
1243.491841,689.485948,-0.000000,9326.594869
1243.492159,306.438199,-0.000000,9252.574275
1243.492478,229.828649,-0.000000,9178.553681
1243.492797,153.219100,148.041188,9400.615463
1243.493116,0.000000,-296.082377,9474.636058
1243.493434,306.438199,-0.000000,9252.574275
1243.493753,0.000000,-74.020594,9474.636058
1243.494072,76.609550,-0.000000,9474.636058
1243.494391,0.000000,-0.000000,9326.594869
1243.494710,0.000000,-0.000000,8956.491898
1243.495028,76.609550,370.102971,8956.491898
1243.495347,229.828649,370.102971,9178.553681
1243.495666,0.000000,370.102971,9252.574275
1243.495985,229.828649,370.102971,8956.491898
1243.496304,229.828649,296.082377,9104.533087
1243.496622,229.828649,444.123565,9030.512492
1243.496941,459.657299,518.144159,8956.491898
1243.497260,766.095498,296.082377,9178.553681
1243.497579,383.047749,370.102971,8808.450710
1243.497898,536.266849,592.164754,9178.553681
1243.498216,306.438199,592.164754,9030.512492
1243.498535,459.657299,740.205942,9252.574275
1243.498854,766.095498,518.144159,9104.533087
1243.499173,459.657299,370.102971,9104.533087
1243.499492,689.485948,666.185348,8956.491898
1243.499810,689.485948,666.185348,9104.533087
1243.500129,766.095498,592.164754,9104.533087
1243.500448,689.485948,-0.000000,9326.594869
1243.500767,383.047749,370.102971,9104.533087
1243.501086,766.095498,370.102971,9252.574275
1243.501404,612.876398,148.041188,9400.615463
1243.501723,0.000000,370.102971,9400.615463
1243.502042,306.438199,518.144159,9474.636058
1243.502361,383.047749,444.123565,9326.594869
1243.502680,229.828649,444.123565,9474.636058
1243.502998,153.219100,296.082377,9400.615463
1243.503317,76.609550,296.082377,9474.636058
1243.503636,229.828649,148.041188,9252.574275
1243.503955,153.219100,-0.000000,9474.636058
1243.504274,306.438199,370.102971,9400.615463
1243.504592,306.438199,370.102971,9474.636058
1243.504911,612.876398,-74.020594,9548.656652
1243.505230,383.047749,444.123565,9474.636058
1243.505549,306.438199,592.164754,9474.636058
1243.505868,459.657299,444.123565,9326.594869
1243.506186,766.095498,370.102971,9252.574275
1243.506505,459.657299,518.144159,9178.553681
1243.506824,383.047749,370.102971,9400.615463
1243.507143,536.266849,814.226536,9252.574275
1243.507462,612.876398,592.164754,9326.594869
1243.507780,306.438199,444.123565,9326.594869
1243.508099,383.047749,444.123565,9252.574275
1243.508418,766.095498,370.102971,9326.594869
1243.508737,689.485948,518.144159,9326.594869
1243.509056,612.876398,518.144159,9252.574275
1243.509374,459.657299,296.082377,9548.656652
1243.509693,689.485948,444.123565,9252.574275
1243.510012,612.876398,444.123565,9326.594869
1243.510331,766.095498,592.164754,9252.574275
1243.510650,383.047749,370.102971,9104.533087
1243.510968,1149.143247,222.061783,9178.553681
1243.511287,689.485948,296.082377,9252.574275
1243.511606,612.876398,296.082377,9400.615463
1243.511925,536.266849,-0.000000,9178.553681
1243.512244,459.657299,222.061783,9252.574275
1243.512562,229.828649,222.061783,9326.594869
1243.512881,229.828649,-0.000000,9474.636058
1243.513200,0.000000,-0.000000,9326.594869
1243.513519,0.000000,-0.000000,9326.594869
1243.513838,0.000000,296.082377,9178.553681
1243.514156,0.000000,-74.020594,9104.533087
1243.514475,0.000000,148.041188,9252.574275
1243.514794,0.000000,222.061783,9326.594869
1243.515113,0.000000,444.123565,9104.533087
1243.515432,0.000000,296.082377,9400.615463
1243.515750,76.609550,370.102971,9252.574275
1243.516069,153.219100,518.144159,9474.636058
1243.516388,306.438199,296.082377,9030.512492
1243.516707,306.438199,518.144159,9030.512492
1243.517026,842.705048,592.164754,9178.553681
1243.517344,766.095498,518.144159,9104.533087
1243.517663,689.485948,518.144159,9178.553681
1243.517982,612.876398,592.164754,8882.471304
1243.518301,612.876398,592.164754,9104.533087
1243.518620,536.266849,666.185348,9030.512492
1243.518938,612.876398,222.061783,8660.409521
1243.519257,919.314598,666.185348,9030.512492
1243.519576,919.314598,444.123565,9326.594869
1243.519895,842.705048,518.144159,9252.574275
1243.520214,842.705048,444.123565,9326.594869
1243.520532,995.924147,444.123565,9252.574275
1243.520851,995.924147,296.082377,9104.533087
1243.521170,919.314598,370.102971,9252.574275
1243.521489,383.047749,444.123565,9326.594869
1243.521808,766.095498,518.144159,9474.636058
1243.522126,459.657299,222.061783,9474.636058
1243.522445,459.657299,296.082377,9474.636058
1243.522764,306.438199,296.082377,9400.615463
1243.523083,459.657299,-0.000000,9400.615463
1243.523402,383.047749,148.041188,9474.636058
1243.523720,306.438199,-0.000000,9474.636058
1243.524039,0.000000,148.041188,9400.615463
1243.524358,229.828649,222.061783,9622.677246
1243.524677,306.438199,370.102971,9548.656652
1243.524996,0.000000,148.041188,9326.594869
1243.525314,153.219100,296.082377,9770.718434
1243.525633,229.828649,444.123565,9474.636058
1243.525952,383.047749,148.041188,9326.594869
1243.526271,153.219100,296.082377,9474.636058
1243.526590,383.047749,518.144159,9326.594869
1243.526908,383.047749,518.144159,9178.553681
1243.527227,536.266849,370.102971,9400.615463
1243.527546,383.047749,370.102971,9252.574275
1243.527865,383.047749,518.144159,9326.594869
1243.528184,229.828649,296.082377,9178.553681
1243.528502,536.266849,518.144159,9252.574275
1243.528821,459.657299,518.144159,9104.533087
1243.529140,383.047749,148.041188,8956.491898
1243.529459,612.876398,370.102971,9252.574275
1243.529778,536.266849,518.144159,9252.574275
1243.530096,612.876398,370.102971,9178.553681
1243.530415,612.876398,370.102971,9326.594869
1243.530734,766.095498,296.082377,9178.553681
1243.531053,766.095498,296.082377,9104.533087
1243.531372,536.266849,296.082377,9326.594869
1243.531690,612.876398,148.041188,9104.533087
1243.532009,842.705048,-74.020594,9252.574275
1243.532328,383.047749,148.041188,9252.574275
1243.532647,383.047749,370.102971,9178.553681
1243.532966,306.438199,-0.000000,9252.574275
1243.533284,229.828649,-0.000000,9252.574275
1243.533603,842.705048,-74.020594,9622.677246
1243.533922,76.609550,148.041188,9548.656652
1243.534241,153.219100,296.082377,9474.636058
1243.534560,0.000000,-0.000000,9178.553681
1243.534878,229.828649,296.082377,9252.574275
1243.535197,306.438199,-74.020594,9178.553681
1243.535516,153.219100,296.082377,9252.574275
1243.535835,536.266849,740.205942,9030.512492
1243.536154,536.266849,444.123565,9178.553681
1243.536472,383.047749,518.144159,9104.533087
1243.536791,153.219100,444.123565,9030.512492
1243.537110,229.828649,370.102971,9178.553681
1243.537429,229.828649,296.082377,9252.574275
1243.537748,306.438199,444.123565,9104.533087
1243.538066,612.876398,592.164754,9474.636058
1243.538385,536.266849,296.082377,9178.553681
1243.538704,459.657299,518.144159,9326.594869
1243.539023,459.657299,740.205942,9400.615463
1243.539342,689.485948,518.144159,9326.594869
1243.539660,612.876398,592.164754,9104.533087
1243.539979,612.876398,592.164754,9030.512492
1243.540298,842.705048,370.102971,9178.553681
1243.540617,766.095498,444.123565,9030.512492
1243.540936,995.924147,518.144159,9252.574275
1243.541254,842.705048,444.123565,9400.615463
1243.541573,919.314598,370.102971,9104.533087
1243.541892,306.438199,-0.000000,9474.636058
1243.542211,536.266849,222.061783,9326.594869
1243.542530,459.657299,-0.000000,9474.636058
1243.542848,306.438199,74.020594,9474.636058
1243.543167,229.828649,222.061783,9474.636058
1243.543486,0.000000,-0.000000,9474.636058
1243.543805,0.000000,148.041188,9474.636058
1243.544124,229.828649,370.102971,9548.656652
1243.544442,383.047749,296.082377,9622.677246
1243.544761,306.438199,222.061783,9474.636058
1243.545080,536.266849,296.082377,9326.594869
1243.545399,306.438199,370.102971,9474.636058
1243.545718,1072.533697,296.082377,9474.636058
1243.546036,383.047749,296.082377,9252.574275
1243.546355,612.876398,592.164754,9400.615463
1243.546674,459.657299,444.123565,9400.615463
1243.546993,306.438199,444.123565,9326.594869
1243.547312,383.047749,-0.000000,9326.594869
1243.547630,306.438199,370.102971,9400.615463
1243.547949,689.485948,518.144159,9178.553681
1243.548268,459.657299,518.144159,9474.636058
1243.548587,766.095498,444.123565,9178.553681
1243.548906,383.047749,370.102971,9252.574275
1243.549224,536.266849,740.205942,9400.615463
1243.549543,689.485948,444.123565,9252.574275
1243.549862,842.705048,444.123565,9104.533087
1243.550181,459.657299,-0.000000,9178.553681
1243.550500,689.485948,518.144159,9326.594869
1243.550818,612.876398,222.061783,9104.533087
1243.551137,612.876398,444.123565,8956.491898
1243.551456,536.266849,444.123565,9252.574275
1243.551775,383.047749,-0.000000,9030.512492
1243.552094,306.438199,296.082377,9178.553681
1243.552412,612.876398,222.061783,9326.594869
1243.552731,76.609550,148.041188,9252.574275
1243.553050,0.000000,444.123565,9252.574275
1243.553369,0.000000,444.123565,9400.615463
1243.553688,0.000000,148.041188,9326.594869
1243.554006,0.000000,222.061783,9252.574275
1243.554325,0.000000,222.061783,9178.553681
1243.554644,76.609550,148.041188,9030.512492
1243.554963,0.000000,370.102971,9104.533087
1243.555282,306.438199,592.164754,8808.450710
1243.555600,153.219100,592.164754,8882.471304
1243.555919,459.657299,444.123565,8956.491898
1243.556238,76.609550,518.144159,9400.615463
1243.556557,76.609550,444.123565,9030.512492
1243.556876,306.438199,518.144159,9104.533087
1243.557194,383.047749,592.164754,9104.533087
1243.557513,766.095498,666.185348,9326.594869
1243.557832,612.876398,888.247130,9326.594869
1243.558151,842.705048,814.226536,9178.553681
1243.558470,612.876398,666.185348,9252.574275
1243.558788,766.095498,518.144159,9030.512492
1243.559107,689.485948,666.185348,9104.533087
1243.559426,842.705048,518.144159,9252.574275
1243.559745,766.095498,518.144159,8956.491898
1243.560064,842.705048,370.102971,9178.553681
1243.560382,612.876398,518.144159,9104.533087
1243.560701,536.266849,296.082377,9030.512492
1243.561020,1072.533697,370.102971,9400.615463
1243.561339,383.047749,444.123565,9400.615463
1243.561658,536.266849,222.061783,9178.553681
1243.561976,459.657299,444.123565,9474.636058
1243.562295,76.609550,222.061783,9474.636058
1243.562614,383.047749,-0.000000,9474.636058
1243.562933,229.828649,-0.000000,9474.636058
1243.563252,306.438199,-0.000000,9548.656652
1243.563570,306.438199,148.041188,9474.636058
1243.563889,76.609550,148.041188,9474.636058
1243.564208,612.876398,370.102971,9622.677246
1243.564527,229.828649,-0.000000,9474.636058
1243.564846,229.828649,148.041188,9400.615463
1243.565164,229.828649,148.041188,9474.636058
1243.565483,229.828649,296.082377,9696.697840
1243.565802,459.657299,296.082377,9474.636058
1243.566121,306.438199,296.082377,9474.636058
1243.566440,459.657299,222.061783,9400.615463
1243.566758,612.876398,296.082377,9326.594869
1243.567077,536.266849,-0.000000,9474.636058
1243.567396,536.266849,444.123565,9400.615463
1243.567715,612.876398,222.061783,9252.574275
1243.568034,766.095498,592.164754,9400.615463
1243.568352,689.485948,518.144159,9178.553681
1243.568671,766.095498,296.082377,9178.553681
1243.568990,766.095498,296.082377,9030.512492
1243.569309,612.876398,444.123565,9030.512492
1243.569628,842.705048,518.144159,9252.574275
1243.569946,995.924147,148.041188,9104.533087
1243.570265,842.705048,222.061783,8956.491898
1243.570584,842.705048,370.102971,9104.533087
1243.570903,536.266849,222.061783,9104.533087
1243.571222,766.095498,-0.000000,9326.594869
1243.571540,0.000000,148.041188,9178.553681
1243.571859,306.438199,148.041188,9326.594869
1243.572178,229.828649,148.041188,9252.574275
1243.572497,306.438199,296.082377,9252.574275
1243.572816,229.828649,222.061783,9400.615463
1243.573134,383.047749,296.082377,9252.574275
1243.573453,76.609550,-0.000000,9326.594869
1243.573772,153.219100,-0.000000,9104.533087
1243.574091,0.000000,-0.000000,9252.574275
1243.574410,0.000000,222.061783,9178.553681
1243.574728,459.657299,-0.000000,9474.636058
1243.575047,0.000000,222.061783,9326.594869
1243.575366,229.828649,370.102971,9178.553681
1243.575685,153.219100,296.082377,9178.553681
1243.576004,0.000000,370.102971,9326.594869
1243.576322,536.266849,592.164754,8956.491898
1243.576641,153.219100,518.144159,9104.533087
1243.576960,0.000000,444.123565,9104.533087
1243.577279,153.219100,518.144159,9030.512492
1243.577598,153.219100,518.144159,8956.491898
1243.577916,153.219100,814.226536,8882.471304
1243.578235,459.657299,518.144159,8808.450710
1243.578554,306.438199,666.185348,9178.553681
1243.578873,612.876398,814.226536,9178.553681
1243.579192,689.485948,592.164754,9030.512492
1243.579510,766.095498,666.185348,8956.491898
1243.579829,689.485948,1036.288319,9252.574275
1243.580148,536.266849,666.185348,9104.533087
1243.580467,536.266849,888.247130,9326.594869
1243.580786,536.266849,592.164754,9326.594869
1243.581104,766.095498,666.185348,9104.533087
1243.581423,689.485948,592.164754,9104.533087
1243.581742,612.876398,370.102971,9178.553681
1243.582061,1225.752797,666.185348,9474.636058
1243.582380,612.876398,370.102971,9326.594869
1243.582698,306.438199,444.123565,9400.615463
1243.583017,842.705048,370.102971,9252.574275
1243.583336,536.266849,370.102971,9474.636058
1243.583655,689.485948,148.041188,9622.677246
1243.583974,612.876398,222.061783,9326.594869
1243.584292,536.266849,296.082377,9548.656652
1243.584611,306.438199,148.041188,9548.656652
1243.584930,76.609550,518.144159,9400.615463
1243.585249,229.828649,666.185348,9770.718434
1243.585568,306.438199,296.082377,9474.636058
1243.585886,459.657299,370.102971,9474.636058
1243.586205,383.047749,444.123565,9474.636058
1243.586524,229.828649,370.102971,9696.697840
1243.586843,536.266849,222.061783,9474.636058
1243.587162,153.219100,222.061783,9400.615463
1243.587480,459.657299,370.102971,9474.636058
1243.587799,459.657299,296.082377,9474.636058
1243.588118,919.314598,444.123565,9474.636058
1243.588437,689.485948,148.041188,9326.594869
1243.588756,689.485948,222.061783,9474.636058
1243.589074,689.485948,222.061783,9252.574275
1243.589393,689.485948,296.082377,9326.594869
1243.589712,306.438199,-0.000000,9104.533087
1243.590031,689.485948,148.041188,9252.574275
1243.590350,995.924147,148.041188,9252.574275
1243.590668,689.485948,-0.000000,9030.512492
1243.590987,1149.143247,-0.000000,9178.553681
1243.591306,536.266849,148.041188,9030.512492
1243.591625,689.485948,148.041188,9326.594869
1243.591944,229.828649,148.041188,9252.574275
1243.592262,536.266849,-0.000000,9030.512492
1243.592581,536.266849,-222.061783,9252.574275
1243.592900,306.438199,-0.000000,9400.615463
1243.593219,0.000000,-0.000000,9400.615463
1243.593538,229.828649,-0.000000,9326.594869
1243.593856,153.219100,74.020594,9252.574275
1243.594175,0.000000,-148.041188,9104.533087
1243.594494,0.000000,-0.000000,8956.491898
1243.594813,0.000000,222.061783,9178.553681
1243.595132,76.609550,296.082377,9252.574275
1243.595450,306.438199,-0.000000,9030.512492
1243.595769,153.219100,-0.000000,9104.533087
1243.596088,0.000000,148.041188,9252.574275
1243.596407,459.657299,518.144159,9030.512492
1243.596726,229.828649,148.041188,9178.553681
1243.597045,153.219100,518.144159,9104.533087
1243.597363,536.266849,444.123565,8808.450710
1243.597682,383.047749,592.164754,9030.512492
1243.598001,459.657299,444.123565,8956.491898
1243.598320,536.266849,370.102971,8882.471304
1243.598638,536.266849,222.061783,8734.430116
1243.598957,1225.752797,666.185348,9104.533087
1243.599276,1072.533697,592.164754,8734.430116
1243.599595,842.705048,592.164754,9178.553681
1243.599914,766.095498,666.185348,9104.533087
1243.600232,612.876398,518.144159,9104.533087
1243.600551,689.485948,518.144159,9104.533087
1243.600870,689.485948,518.144159,9252.574275
1243.601189,689.485948,814.226536,9474.636058
1243.601507,842.705048,592.164754,9400.615463
1243.601826,766.095498,518.144159,9326.594869
1243.602145,536.266849,666.185348,9474.636058
1243.602464,229.828649,370.102971,9400.615463
1243.602783,536.266849,444.123565,9400.615463
1243.603101,306.438199,370.102971,9400.615463
1243.603420,306.438199,-0.000000,9474.636058
1243.603739,383.047749,370.102971,9474.636058
1243.604058,153.219100,444.123565,9474.636058
1243.604376,0.000000,222.061783,9474.636058
1243.604695,153.219100,222.061783,9400.615463
1243.605014,459.657299,-0.000000,9252.574275
1243.605333,0.000000,370.102971,9696.697840
1243.605652,153.219100,296.082377,9474.636058
1243.605970,0.000000,518.144159,9474.636058
1243.606289,229.828649,444.123565,9474.636058
1243.606608,0.000000,518.144159,9548.656652
1243.606927,229.828649,296.082377,9548.656652
1243.607245,306.438199,444.123565,9326.594869
1243.607564,459.657299,444.123565,9474.636058
1243.607883,612.876398,518.144159,9474.636058
1243.608202,919.314598,518.144159,9252.574275
1243.608521,766.095498,444.123565,9548.656652
1243.608839,689.485948,518.144159,9252.574275
1243.609158,689.485948,444.123565,9178.553681
1243.609477,766.095498,518.144159,9400.615463
1243.609796,995.924147,444.123565,9252.574275
1243.610114,842.705048,296.082377,9178.553681
1243.610433,919.314598,296.082377,9178.553681
1243.610752,842.705048,-0.000000,9104.533087
1243.611071,689.485948,222.061783,9400.615463
1243.611390,689.485948,-0.000000,9178.553681
1243.611708,383.047749,148.041188,9326.594869
1243.612027,536.266849,296.082377,9030.512492
1243.612346,995.924147,74.020594,8956.491898
1243.612665,612.876398,-0.000000,9104.533087
1243.612983,383.047749,-0.000000,9104.533087
1243.613302,383.047749,-0.000000,9400.615463
1243.613621,306.438199,148.041188,9252.574275
1243.613940,383.047749,-148.041188,9178.553681
1243.614259,0.000000,-74.020594,9252.574275
1243.614577,229.828649,-0.000000,9252.574275
1243.614896,153.219100,-0.000000,9400.615463
1243.615215,383.047749,222.061783,9178.553681
1243.615534,0.000000,-0.000000,9104.533087
1243.615852,0.000000,-0.000000,9104.533087
1243.616171,229.828649,-0.000000,8956.491898
1243.616490,76.609550,296.082377,9178.553681
1243.616809,0.000000,-0.000000,9030.512492
1243.617128,229.828649,370.102971,9104.533087
1243.617446,76.609550,444.123565,8956.491898
1243.617765,306.438199,518.144159,9178.553681
1243.618084,459.657299,592.164754,9178.553681
1243.618403,306.438199,222.061783,8734.430116
1243.618721,842.705048,518.144159,8882.471304
1243.619040,459.657299,518.144159,9104.533087
1243.619359,306.438199,518.144159,9030.512492
1243.619678,842.705048,-0.000000,9178.553681
1243.619997,536.266849,518.144159,9178.553681
1243.620315,689.485948,444.123565,9104.533087
1243.620634,612.876398,518.144159,9252.574275
1243.620953,766.095498,518.144159,9030.512492
1243.621272,766.095498,518.144159,9252.574275
1243.621590,919.314598,666.185348,9474.636058
1243.621909,612.876398,148.041188,9326.594869
1243.622228,919.314598,222.061783,9178.553681
1243.622547,919.314598,370.102971,9326.594869
1243.622866,612.876398,-296.082377,9104.533087
1243.623184,689.485948,296.082377,9474.636058
1243.623503,612.876398,296.082377,9474.636058
1243.623822,383.047749,370.102971,9474.636058
1243.624141,536.266849,444.123565,9474.636058
1243.624459,842.705048,222.061783,9548.656652
1243.624778,153.219100,296.082377,9474.636058
1243.625097,689.485948,370.102971,9326.594869
1243.625416,306.438199,444.123565,9622.677246
1243.625735,383.047749,518.144159,9548.656652
1243.626053,459.657299,296.082377,9474.636058
1243.626372,306.438199,370.102971,9474.636058
1243.626691,459.657299,370.102971,9474.636058
1243.627010,229.828649,592.164754,9474.636058
1243.627328,842.705048,148.041188,9252.574275
1243.627647,612.876398,518.144159,9474.636058
1243.627966,459.657299,518.144159,9400.615463
1243.628285,689.485948,666.185348,9252.574275
1243.628604,459.657299,592.164754,9252.574275
1243.628922,1149.143247,666.185348,9326.594869
1243.629241,995.924147,814.226536,9474.636058
1243.629560,766.095498,370.102971,9252.574275
1243.629879,536.266849,444.123565,9474.636058
1243.630198,536.266849,296.082377,9252.574275
1243.630516,612.876398,370.102971,9326.594869
1243.630835,766.095498,74.020594,9104.533087
1243.631154,689.485948,444.123565,9400.615463
1243.631473,612.876398,296.082377,9400.615463
1243.631791,689.485948,518.144159,9178.553681
1243.632110,536.266849,148.041188,9474.636058
1243.632429,689.485948,296.082377,9030.512492
1243.632748,459.657299,222.061783,9030.512492
1243.633067,306.438199,74.020594,8956.491898
1243.633385,612.876398,-0.000000,9178.553681
1243.633704,306.438199,148.041188,9104.533087
1243.634023,229.828649,-0.000000,9178.553681
1243.634342,0.000000,148.041188,9622.677246
1243.634660,0.000000,-0.000000,9474.636058
1243.634979,-153.219100,-0.000000,9326.594869
1243.635298,0.000000,-0.000000,9326.594869
1243.635617,0.000000,296.082377,9326.594869
1243.635936,0.000000,296.082377,9326.594869
1243.636254,0.000000,444.123565,9252.574275
1243.636573,76.609550,370.102971,8956.491898
1243.636892,153.219100,444.123565,8956.491898
1243.637211,229.828649,444.123565,9326.594869
1243.637529,459.657299,444.123565,8734.430116
1243.637848,612.876398,740.205942,8956.491898
1243.638167,536.266849,370.102971,9104.533087
1243.638486,536.266849,444.123565,8956.491898
1243.638805,766.095498,666.185348,9030.512492
1243.639123,689.485948,666.185348,9030.512492
1243.639442,919.314598,518.144159,9104.533087
1243.639761,689.485948,740.205942,9326.594869
1243.640080,689.485948,666.185348,9252.574275
1243.640398,842.705048,518.144159,9178.553681
1243.640717,689.485948,518.144159,9252.574275
1243.641036,766.095498,444.123565,9252.574275
1243.641355,919.314598,518.144159,9326.594869
1243.641674,842.705048,296.082377,9400.615463
1243.641992,842.705048,592.164754,9104.533087
1243.642311,766.095498,518.144159,9326.594869
1243.642630,612.876398,444.123565,9104.533087
1243.642949,766.095498,518.144159,9178.553681
1243.643267,306.438199,444.123565,9548.656652
1243.643586,383.047749,370.102971,9400.615463
1243.643905,76.609550,222.061783,9548.656652
1243.644224,306.438199,222.061783,9400.615463
1243.644543,153.219100,370.102971,9474.636058
1243.644861,0.000000,222.061783,9474.636058
1243.645180,229.828649,296.082377,9474.636058
1243.645499,0.000000,222.061783,9474.636058
1243.645818,76.609550,370.102971,9474.636058
1243.646136,76.609550,444.123565,9696.697840
1243.646455,229.828649,370.102971,9548.656652
1243.646774,153.219100,370.102971,9548.656652
1243.647093,459.657299,296.082377,9252.574275
1243.647412,306.438199,296.082377,9400.615463
1243.647730,536.266849,592.164754,9326.594869
1243.648049,689.485948,444.123565,9252.574275
1243.648368,995.924147,666.185348,9252.574275
1243.648687,842.705048,518.144159,9252.574275
1243.649005,842.705048,666.185348,9400.615463
1243.649324,689.485948,666.185348,9326.594869
1243.649643,689.485948,592.164754,9178.553681
1243.649962,1302.362347,518.144159,9400.615463
1243.650281,919.314598,370.102971,9178.553681
1243.650599,689.485948,518.144159,9400.615463
1243.650918,919.314598,296.082377,9104.533087
1243.651237,919.314598,148.041188,9178.553681
1243.651556,1072.533697,444.123565,9252.574275
1243.651874,536.266849,296.082377,9252.574275
1243.652193,842.705048,370.102971,8956.491898
1243.652512,689.485948,296.082377,9178.553681
1243.652831,842.705048,148.041188,9252.574275
1243.653150,766.095498,-0.000000,9474.636058
1243.653468,766.095498,296.082377,9326.594869
1243.653787,0.000000,74.020594,9400.615463
1243.654106,229.828649,-0.000000,9252.574275
1243.654425,0.000000,-0.000000,9474.636058
1243.654743,76.609550,-0.000000,9548.656652
1243.655062,-76.609550,222.061783,9400.615463
1243.655381,-229.828649,222.061783,9400.615463
1243.655700,-306.438199,148.041188,9326.594869
1243.656019,-229.828649,-0.000000,9030.512492
1243.656337,0.000000,-148.041188,9252.574275
1243.656656,229.828649,-0.000000,9104.533087
1243.656975,-76.609550,296.082377,9104.533087
1243.657294,76.609550,444.123565,9030.512492
1243.657612,0.000000,370.102971,9030.512492
1243.657931,306.438199,518.144159,9178.553681
1243.658250,306.438199,296.082377,8956.491898
1243.658569,459.657299,370.102971,8956.491898
1243.658888,459.657299,518.144159,9104.533087
1243.659206,536.266849,592.164754,9104.533087
1243.659525,689.485948,518.144159,9030.512492
1243.659844,689.485948,518.144159,8882.471304
1243.660163,459.657299,296.082377,9178.553681
1243.660481,842.705048,518.144159,9178.553681
1243.660800,842.705048,444.123565,9252.574275
1243.661119,689.485948,444.123565,9104.533087
1243.661438,919.314598,444.123565,9178.553681
1243.661757,919.314598,518.144159,9252.574275
1243.662075,1072.533697,296.082377,9104.533087
1243.662394,612.876398,518.144159,9178.553681
1243.662713,842.705048,444.123565,9030.512492
1243.663032,459.657299,-0.000000,9252.574275
1243.663351,919.314598,296.082377,9326.594869
1243.663669,612.876398,296.082377,9548.656652
1243.663988,383.047749,296.082377,9474.636058
1243.664307,383.047749,296.082377,9474.636058
1243.664626,76.609550,370.102971,9474.636058
1243.664944,153.219100,222.061783,9548.656652
1243.665263,76.609550,444.123565,9474.636058
1243.665582,229.828649,222.061783,9326.594869
1243.665901,76.609550,296.082377,9770.718434
1243.666220,76.609550,444.123565,9400.615463
1243.666538,153.219100,444.123565,9548.656652
1243.666857,383.047749,-0.000000,9844.739029
1243.667176,229.828649,518.144159,9474.636058
1243.667495,229.828649,370.102971,9400.615463
1243.667813,459.657299,444.123565,9252.574275
1243.668132,689.485948,370.102971,9548.656652
1243.668451,536.266849,444.123565,9400.615463
1243.668770,766.095498,444.123565,9326.594869
1243.669089,306.438199,148.041188,9252.574275
1243.669407,919.314598,518.144159,9400.615463
1243.669726,842.705048,518.144159,9474.636058
1243.670045,689.485948,444.123565,9326.594869
1243.670364,612.876398,370.102971,9178.553681
1243.670682,612.876398,444.123565,9178.553681
1243.671001,689.485948,740.205942,9400.615463
1243.671320,995.924147,518.144159,9030.512492
1243.671639,919.314598,518.144159,9178.553681
1243.671958,689.485948,444.123565,9030.512492
1243.672276,689.485948,518.144159,8808.450710
1243.672595,919.314598,370.102971,9104.533087
1243.672914,919.314598,222.061783,8956.491898
1243.673233,612.876398,370.102971,9252.574275
1243.673551,306.438199,222.061783,9030.512492
1243.673870,229.828649,148.041188,9030.512492
1243.674189,76.609550,-0.000000,9252.574275
1243.674508,229.828649,148.041188,8882.471304
1243.674827,0.000000,74.020594,9178.553681
1243.675145,0.000000,148.041188,9178.553681
1243.675464,0.000000,148.041188,9104.533087
1243.675783,0.000000,148.041188,8956.491898
1243.676102,153.219100,370.102971,8882.471304
1243.676420,0.000000,296.082377,9104.533087
1243.676739,229.828649,518.144159,9252.574275
1243.677058,612.876398,370.102971,9104.533087
1243.677377,76.609550,592.164754,9178.553681
1243.677696,76.609550,518.144159,8956.491898
1243.678014,153.219100,296.082377,8808.450710
1243.678333,383.047749,370.102971,9030.512492
1243.678652,306.438199,222.061783,8808.450710
1243.678971,689.485948,740.205942,9252.574275
1243.679289,459.657299,518.144159,9104.533087
1243.679608,383.047749,518.144159,9252.574275
1243.679927,536.266849,592.164754,9104.533087
1243.680246,842.705048,-0.000000,9474.636058
1243.680565,766.095498,370.102971,9326.594869
1243.680883,842.705048,592.164754,9178.553681
1243.681202,842.705048,518.144159,9178.553681
1243.681521,689.485948,444.123565,9326.594869
1243.681840,842.705048,444.123565,9400.615463
1243.682158,689.485948,444.123565,9326.594869
1243.682477,995.924147,444.123565,9030.512492
1243.682796,919.314598,370.102971,9326.594869
1243.683115,689.485948,148.041188,9326.594869
1243.683434,306.438199,296.082377,9474.636058
1243.683752,536.266849,-0.000000,9474.636058
1243.684071,459.657299,148.041188,9622.677246
1243.684390,306.438199,-0.000000,9474.636058
1243.684709,0.000000,296.082377,9474.636058
1243.685027,76.609550,-0.000000,9474.636058
1243.685346,229.828649,148.041188,9622.677246
1243.685665,383.047749,-0.000000,9326.594869
1243.685984,306.438199,296.082377,9548.656652
1243.686303,153.219100,592.164754,9474.636058
1243.686621,536.266849,222.061783,9548.656652
1243.686940,229.828649,370.102971,9474.636058
1243.687259,229.828649,370.102971,9474.636058
1243.687578,459.657299,370.102971,9474.636058
1243.687896,459.657299,296.082377,9400.615463
1243.688215,229.828649,370.102971,9474.636058
1243.688534,689.485948,592.164754,9178.553681
1243.688853,459.657299,444.123565,9326.594869
1243.689172,689.485948,444.123565,9252.574275
1243.689490,766.095498,592.164754,9622.677246
1243.689809,612.876398,370.102971,9178.553681
1243.690128,612.876398,444.123565,9252.574275
1243.690447,612.876398,370.102971,9326.594869
1243.690765,995.924147,518.144159,9326.594869
1243.691084,612.876398,222.061783,9178.553681
1243.691403,536.266849,370.102971,9104.533087
1243.691722,766.095498,518.144159,9030.512492
1243.692041,1149.143247,370.102971,9252.574275
1243.692359,842.705048,-0.000000,9030.512492
1243.692678,689.485948,296.082377,9252.574275
1243.692997,689.485948,444.123565,8882.471304
1243.693316,459.657299,148.041188,9178.553681
1243.693634,229.828649,296.082377,9178.553681
1243.693953,536.266849,296.082377,9178.553681
1243.694272,153.219100,296.082377,9252.574275
1243.694591,0.000000,74.020594,8956.491898
1243.694910,76.609550,222.061783,9030.512492
1243.695228,229.828649,222.061783,9252.574275
1243.695547,229.828649,296.082377,9474.636058
1243.695866,0.000000,370.102971,9326.594869
1243.696185,0.000000,296.082377,9178.553681
1243.696504,-229.828649,518.144159,9104.533087
1243.696822,0.000000,-0.000000,9178.553681
1243.697141,153.219100,444.123565,9252.574275
1243.697460,76.609550,148.041188,8956.491898
1243.697779,383.047749,592.164754,9178.553681
1243.698097,0.000000,518.144159,9030.512492
1243.698416,0.000000,296.082377,8882.471304
1243.698735,306.438199,518.144159,9252.574275
1243.699054,306.438199,592.164754,9104.533087
1243.699373,536.266849,444.123565,9030.512492
1243.699691,536.266849,444.123565,9252.574275
1243.700010,612.876398,518.144159,9030.512492
1243.700329,766.095498,666.185348,9178.553681
1243.700648,919.314598,666.185348,9178.553681
1243.700966,766.095498,666.185348,9030.512492
1243.701285,689.485948,222.061783,8956.491898
1243.701604,1225.752797,592.164754,9252.574275
1243.701923,1072.533697,444.123565,9252.574275
1243.702242,1072.533697,444.123565,9178.553681
1243.702560,919.314598,518.144159,9474.636058
1243.702879,842.705048,222.061783,9252.574275
1243.703198,766.095498,444.123565,9252.574275
1243.703517,842.705048,296.082377,9400.615463
1243.703835,612.876398,296.082377,9326.594869
1243.704154,612.876398,370.102971,9252.574275
1243.704473,536.266849,370.102971,9474.636058
1243.704792,306.438199,222.061783,9252.574275
1243.705111,536.266849,296.082377,9622.677246
1243.705429,0.000000,148.041188,9474.636058
1243.705748,306.438199,-0.000000,9622.677246
1243.706067,76.609550,222.061783,9400.615463
1243.706386,306.438199,296.082377,9474.636058
1243.706704,0.000000,148.041188,9326.594869
1243.707023,76.609550,444.123565,9474.636058
1243.707342,229.828649,148.041188,9474.636058
1243.707661,229.828649,370.102971,9400.615463
1243.707980,306.438199,518.144159,9252.574275
1243.708298,0.000000,148.041188,9474.636058
1243.708617,76.609550,148.041188,9252.574275
1243.708936,153.219100,592.164754,9326.594869
1243.709255,306.438199,370.102971,9178.553681
1243.709574,229.828649,666.185348,9252.574275
1243.709892,383.047749,444.123565,9326.594869
1243.710211,459.657299,370.102971,9104.533087
1243.710530,1072.533697,-0.000000,9178.553681
1243.710849,919.314598,592.164754,9252.574275
1243.711167,612.876398,296.082377,9400.615463
1243.711486,919.314598,370.102971,9178.553681
1243.711805,689.485948,222.061783,9104.533087
1243.712124,612.876398,-0.000000,9178.553681
1243.712443,842.705048,296.082377,9030.512492
1243.712761,919.314598,-0.000000,9104.533087
1243.713080,766.095498,296.082377,9252.574275
1243.713399,842.705048,-0.000000,9252.574275
1243.713718,383.047749,-0.000000,9178.553681
1243.714036,612.876398,-0.000000,9104.533087
1243.714355,612.876398,-0.000000,9030.512492
1243.714674,229.828649,-0.000000,9400.615463
1243.714993,995.924147,-0.000000,9252.574275
1243.715312,229.828649,-0.000000,9178.553681
1243.715630,306.438199,148.041188,9104.533087
1243.715949,153.219100,148.041188,8956.491898
1243.716268,229.828649,148.041188,9104.533087
1243.716587,459.657299,296.082377,9326.594869
1243.716906,229.828649,370.102971,9104.533087
1243.717224,0.000000,222.061783,9252.574275
1243.717543,383.047749,370.102971,9104.533087
1243.717862,459.657299,444.123565,8882.471304
1243.718181,995.924147,222.061783,9104.533087
1243.718499,383.047749,444.123565,8956.491898
1243.718818,306.438199,518.144159,8882.471304
1243.719137,383.047749,666.185348,9252.574275
1243.719456,612.876398,296.082377,8956.491898
1243.719775,306.438199,296.082377,9104.533087
1243.720093,612.876398,666.185348,8808.450710
1243.720412,459.657299,888.247130,8956.491898
1243.720731,153.219100,592.164754,9030.512492
1243.721050,689.485948,592.164754,9030.512492
1243.721368,766.095498,666.185348,9104.533087
1243.721687,612.876398,518.144159,9252.574275
1243.722006,689.485948,666.185348,9326.594869
1243.722325,612.876398,666.185348,9326.594869
1243.722644,766.095498,370.102971,9252.574275
1243.722962,842.705048,444.123565,9474.636058
1243.723281,689.485948,518.144159,9474.636058
1243.723600,766.095498,444.123565,9474.636058
1243.723919,842.705048,370.102971,9326.594869
1243.724237,919.314598,-0.000000,9474.636058
1243.724556,383.047749,592.164754,9400.615463
1243.724875,612.876398,518.144159,9474.636058
1243.725194,459.657299,370.102971,9474.636058
1243.725513,459.657299,444.123565,9696.697840
1243.725831,689.485948,222.061783,9474.636058
1243.726150,383.047749,74.020594,9696.697840
1243.726469,153.219100,296.082377,9844.739029
1243.726788,306.438199,370.102971,9696.697840
1243.727107,153.219100,592.164754,9622.677246
1243.727425,536.266849,74.020594,9770.718434
1243.727744,229.828649,444.123565,9548.656652
1243.728063,383.047749,370.102971,9474.636058
1243.728382,153.219100,444.123565,9548.656652
1243.728700,306.438199,518.144159,9474.636058
1243.729019,383.047749,592.164754,9622.677246
1243.729338,842.705048,666.185348,9474.636058
1243.729657,383.047749,518.144159,9400.615463
1243.729976,612.876398,296.082377,9252.574275
1243.730294,459.657299,518.144159,9400.615463
1243.730613,842.705048,444.123565,9548.656652
1243.730932,536.266849,444.123565,9252.574275
1243.731251,612.876398,296.082377,9326.594869
1243.731569,612.876398,296.082377,9326.594869
1243.731888,842.705048,296.082377,9326.594869
1243.732207,766.095498,-0.000000,9252.574275
1243.732526,306.438199,74.020594,9178.553681
1243.732845,612.876398,296.082377,9030.512492
1243.733163,766.095498,222.061783,9326.594869
1243.733482,536.266849,-0.000000,9326.594869
1243.733801,536.266849,-0.000000,9178.553681
1243.734120,459.657299,222.061783,9178.553681
1243.734438,536.266849,296.082377,9252.574275
1243.734757,536.266849,-148.041188,9030.512492
1243.735076,383.047749,-0.000000,9400.615463
1243.735395,383.047749,222.061783,9400.615463
1243.735714,153.219100,-0.000000,9178.553681
1243.736032,383.047749,296.082377,9252.574275
1243.736351,0.000000,-74.020594,9474.636058
1243.736670,306.438199,148.041188,9178.553681
1243.736989,229.828649,296.082377,9178.553681
1243.737308,76.609550,370.102971,9178.553681
1243.737626,459.657299,370.102971,9104.533087
1243.737945,383.047749,444.123565,9104.533087
1243.738264,306.438199,222.061783,9030.512492
1243.738583,536.266849,592.164754,8882.471304
1243.738901,536.266849,444.123565,9030.512492
1243.739220,383.047749,296.082377,8956.491898
1243.739539,536.266849,592.164754,9178.553681
1243.739858,612.876398,518.144159,8882.471304
1243.740177,689.485948,518.144159,9030.512492
1243.740495,459.657299,518.144159,9104.533087
1243.740814,229.828649,592.164754,9326.594869
1243.741133,536.266849,444.123565,8882.471304
1243.741452,383.047749,444.123565,9252.574275
1243.741770,536.266849,370.102971,8956.491898
1243.742089,306.438199,296.082377,9178.553681
1243.742408,306.438199,148.041188,9326.594869
1243.742727,0.000000,-0.000000,9252.574275
1243.743046,612.876398,666.185348,9474.636058
1243.743364,383.047749,370.102971,9178.553681
1243.743683,459.657299,518.144159,9474.636058
1243.744002,383.047749,148.041188,9474.636058
1243.744321,459.657299,296.082377,9252.574275
1243.744639,306.438199,370.102971,9474.636058
1243.744958,76.609550,444.123565,9548.656652
1243.745277,766.095498,518.144159,9548.656652
1243.745596,229.828649,296.082377,9474.636058
1243.745915,76.609550,296.082377,9474.636058
1243.746233,383.047749,444.123565,9696.697840
1243.746552,306.438199,444.123565,9474.636058
1243.746871,306.438199,296.082377,9548.656652
1243.747190,459.657299,296.082377,9622.677246
1243.747509,459.657299,518.144159,9474.636058
1243.747827,536.266849,296.082377,9474.636058
1243.748146,689.485948,370.102971,9326.594869
1243.748465,536.266849,592.164754,9474.636058
1243.748784,842.705048,370.102971,9252.574275
1243.749102,1072.533697,666.185348,9252.574275
1243.749421,459.657299,666.185348,9474.636058
1243.749740,536.266849,592.164754,9474.636058
1243.750059,766.095498,518.144159,9104.533087
1243.750378,766.095498,666.185348,9326.594869
1243.750696,612.876398,592.164754,9326.594869
1243.751015,689.485948,518.144159,9252.574275
1243.751334,536.266849,592.164754,9400.615463
1243.751653,766.095498,814.226536,9326.594869
1243.751971,919.314598,370.102971,9252.574275
1243.752290,842.705048,814.226536,9400.615463
1243.752609,766.095498,370.102971,9474.636058
1243.752928,689.485948,296.082377,9104.533087
1243.753247,766.095498,444.123565,9104.533087
1243.753565,919.314598,-0.000000,9104.533087
1243.753884,689.485948,296.082377,9252.574275
1243.754203,536.266849,148.041188,9252.574275
1243.754522,383.047749,-370.102971,9326.594869
1243.754840,536.266849,-0.000000,9104.533087
1243.755159,229.828649,-0.000000,9178.553681
1243.755478,0.000000,-0.000000,9474.636058
1243.755797,229.828649,-0.000000,9326.594869
1243.756116,459.657299,148.041188,9400.615463
1243.756434,153.219100,-0.000000,9252.574275
1243.756753,306.438199,-0.000000,9400.615463
1243.757072,76.609550,-0.000000,9030.512492
1243.757391,383.047749,-0.000000,9104.533087
1243.757710,229.828649,222.061783,9104.533087
1243.758028,229.828649,148.041188,9252.574275
1243.758347,459.657299,666.185348,9030.512492
1243.758666,383.047749,518.144159,9104.533087
1243.758985,459.657299,444.123565,8956.491898
1243.759303,383.047749,592.164754,9178.553681
1243.759622,459.657299,518.144159,9104.533087
1243.759941,536.266849,370.102971,9030.512492
1243.760260,536.266849,592.164754,9252.574275
1243.760579,536.266849,222.061783,8956.491898
1243.760897,612.876398,296.082377,9030.512492
1243.761216,842.705048,444.123565,8882.471304
1243.761535,612.876398,222.061783,9104.533087
1243.761854,689.485948,444.123565,9030.512492
1243.762172,689.485948,444.123565,9104.533087
1243.762491,766.095498,518.144159,9030.512492
1243.762810,766.095498,740.205942,9104.533087
1243.763129,766.095498,518.144159,9030.512492
1243.763448,612.876398,444.123565,9178.553681
1243.763766,766.095498,444.123565,9030.512492
1243.764085,536.266849,296.082377,9326.594869
1243.764404,995.924147,740.205942,9252.574275
1243.764723,229.828649,222.061783,9252.574275
1243.765042,689.485948,74.020594,9474.636058
1243.765360,459.657299,222.061783,9474.636058
1243.765679,383.047749,370.102971,9400.615463
1243.765998,153.219100,222.061783,9474.636058
1243.766317,76.609550,592.164754,9548.656652
1243.766635,229.828649,370.102971,9474.636058
1243.766954,76.609550,148.041188,9474.636058
1243.767273,0.000000,222.061783,9474.636058
1243.767592,153.219100,444.123565,9474.636058
1243.767911,229.828649,370.102971,9474.636058
1243.768229,-229.828649,740.205942,9474.636058
1243.768548,0.000000,370.102971,9400.615463
1243.768867,383.047749,518.144159,9326.594869
1243.769186,459.657299,666.185348,9400.615463
1243.769504,689.485948,518.144159,9326.594869
1243.769823,459.657299,444.123565,9326.594869
1243.770142,612.876398,666.185348,9474.636058
1243.770461,459.657299,370.102971,9400.615463
1243.770780,536.266849,592.164754,9474.636058
1243.771098,0.000000,592.164754,9696.697840
1243.771417,459.657299,148.041188,8956.491898
1243.771736,689.485948,592.164754,9326.594869
1243.772055,612.876398,370.102971,9326.594869
1243.772373,689.485948,592.164754,9252.574275
1243.772692,536.266849,222.061783,8956.491898
1243.773011,842.705048,444.123565,9178.553681
1243.773330,689.485948,296.082377,9178.553681
1243.773649,612.876398,-0.000000,9104.533087
1243.773967,76.609550,-0.000000,9252.574275
1243.774286,383.047749,-518.144159,8882.471304
1243.774605,153.219100,-0.000000,9104.533087
1243.774924,383.047749,222.061783,8956.491898
1243.775243,153.219100,-0.000000,9400.615463
1243.775561,229.828649,-0.000000,9178.553681
1243.775880,0.000000,-0.000000,9400.615463
1243.776199,229.828649,148.041188,9326.594869
1243.776518,0.000000,-0.000000,9326.594869
1243.776836,76.609550,74.020594,9326.594869
1243.777155,229.828649,222.061783,9252.574275
1243.777474,76.609550,222.061783,9474.636058
1243.777793,383.047749,518.144159,8956.491898
1243.778112,229.828649,296.082377,9178.553681
1243.778430,306.438199,148.041188,8956.491898
1243.778749,229.828649,592.164754,9252.574275
1243.779068,612.876398,222.061783,8882.471304
1243.779387,383.047749,518.144159,9030.512492
1243.779705,459.657299,444.123565,9030.512492
1243.780024,612.876398,370.102971,8882.471304
1243.780343,612.876398,444.123565,8956.491898
1243.780662,766.095498,444.123565,8882.471304
1243.780981,689.485948,518.144159,8808.450710
1243.781299,612.876398,592.164754,9104.533087
1243.781618,536.266849,592.164754,9104.533087
1243.781937,536.266849,518.144159,9104.533087
1243.782256,689.485948,740.205942,9104.533087
1243.782574,689.485948,592.164754,9104.533087
1243.782893,842.705048,518.144159,9104.533087
1243.783212,689.485948,370.102971,9400.615463
1243.783531,459.657299,370.102971,9104.533087
1243.783850,919.314598,592.164754,9178.553681
1243.784168,842.705048,370.102971,9178.553681
1243.784487,536.266849,370.102971,9252.574275
1243.784806,612.876398,666.185348,9548.656652
1243.785125,306.438199,370.102971,9252.574275
1243.785444,306.438199,296.082377,9400.615463
1243.785762,459.657299,444.123565,9548.656652
1243.786081,766.095498,222.061783,9474.636058
1243.786400,0.000000,-0.000000,9474.636058
1243.786719,383.047749,370.102971,9474.636058
1243.787037,383.047749,296.082377,9770.718434
1243.787356,306.438199,370.102971,9622.677246
1243.787675,612.876398,222.061783,9770.718434
1243.787994,306.438199,370.102971,9548.656652
1243.788313,459.657299,296.082377,9548.656652
1243.788631,536.266849,444.123565,9474.636058
1243.788950,459.657299,444.123565,9474.636058
1243.789269,612.876398,518.144159,9548.656652
1243.789588,689.485948,518.144159,9326.594869
1243.789906,689.485948,296.082377,9696.697840
1243.790225,459.657299,592.164754,9178.553681
1243.790544,536.266849,370.102971,9622.677246
1243.790863,383.047749,518.144159,9400.615463
1243.791182,459.657299,370.102971,9474.636058
1243.791500,459.657299,296.082377,9474.636058
1243.791819,612.876398,370.102971,9474.636058
1243.792138,459.657299,444.123565,9474.636058
1243.792457,536.266849,148.041188,9104.533087
1243.792775,766.095498,296.082377,9326.594869
1243.793094,612.876398,444.123565,9178.553681
1243.793413,383.047749,222.061783,8882.471304
1243.793732,536.266849,592.164754,9326.594869
1243.794051,383.047749,74.020594,9030.512492
1243.794369,459.657299,296.082377,9030.512492
1243.794688,383.047749,296.082377,9104.533087
1243.795007,536.266849,592.164754,9252.574275
1243.795326,76.609550,148.041188,9178.553681
1243.795645,0.000000,148.041188,9030.512492
1243.795963,0.000000,-0.000000,9030.512492
1243.796282,0.000000,222.061783,9178.553681
1243.796601,459.657299,296.082377,9030.512492
1243.796920,0.000000,444.123565,9030.512492
1243.797238,0.000000,296.082377,9104.533087
1243.797557,-306.438199,518.144159,9030.512492
1243.797876,153.219100,592.164754,9030.512492
1243.798195,536.266849,814.226536,9104.533087
1243.798514,229.828649,444.123565,8882.471304
1243.798832,229.828649,592.164754,8882.471304
1243.799151,459.657299,740.205942,8882.471304
1243.799470,689.485948,666.185348,8956.491898
1243.799789,383.047749,370.102971,8808.450710
1243.800108,536.266849,370.102971,8808.450710
1243.800427,842.705048,592.164754,9104.533087
1243.800745,689.485948,592.164754,9104.533087
1243.801064,612.876398,444.123565,9030.512492
1243.801383,842.705048,592.164754,9696.697840
1243.801702,766.095498,592.164754,9252.574275
1243.802021,842.705048,518.144159,9178.553681
1243.802340,766.095498,370.102971,9178.553681
1243.802658,766.095498,444.123565,9326.594869
1243.802977,1532.190996,370.102971,9474.636058
1243.803296,766.095498,370.102971,9178.553681
1243.803615,995.924147,518.144159,9400.615463
1243.803934,842.705048,370.102971,9400.615463
1243.804252,919.314598,370.102971,9474.636058
1243.804571,766.095498,444.123565,9548.656652
1243.804890,536.266849,148.041188,9326.594869
1243.805209,536.266849,296.082377,9474.636058
1243.805528,383.047749,370.102971,9474.636058
1243.805847,383.047749,-74.020594,9696.697840
1243.806165,306.438199,-0.000000,9474.636058
1243.806484,612.876398,370.102971,9474.636058
1243.806803,383.047749,222.061783,9474.636058
1243.807122,153.219100,370.102971,9696.697840
1243.807441,459.657299,296.082377,9622.677246
1243.807760,0.000000,222.061783,9474.636058
1243.808078,306.438199,296.082377,9548.656652
1243.808397,306.438199,444.123565,9400.615463
1243.808716,306.438199,222.061783,9474.636058
1243.809035,536.266849,518.144159,9474.636058
1243.809354,306.438199,666.185348,9474.636058
1243.809673,306.438199,444.123565,9400.615463
1243.809991,306.438199,518.144159,9326.594869
1243.810310,306.438199,444.123565,9178.553681
1243.810629,919.314598,444.123565,9400.615463
1243.810948,612.876398,370.102971,9326.594869
1243.811267,536.266849,296.082377,9178.553681
1243.811585,383.047749,296.082377,9252.574275
1243.811904,689.485948,296.082377,9400.615463
1243.812223,612.876398,-0.000000,9326.594869
1243.812542,612.876398,518.144159,9326.594869
1243.812861,459.657299,222.061783,9326.594869
1243.813180,689.485948,370.102971,9400.615463
1243.813498,536.266849,-0.000000,9178.553681
1243.813817,766.095498,74.020594,9104.533087
1243.814136,459.657299,222.061783,9030.512492
1243.814455,612.876398,-0.000000,9178.553681
1243.814774,459.657299,296.082377,9030.512492
1243.815093,536.266849,-0.000000,8882.471304
1243.815411,306.438199,-0.000000,9104.533087
1243.815730,153.219100,222.061783,9326.594869
1243.816049,153.219100,148.041188,8956.491898
1243.816368,0.000000,222.061783,9252.574275
1243.816687,383.047749,222.061783,9400.615463
1243.817006,153.219100,-0.000000,9178.553681
1243.817324,0.000000,-0.000000,9252.574275
1243.817643,76.609550,222.061783,9178.553681
1243.817962,76.609550,592.164754,9104.533087
1243.818281,306.438199,222.061783,9326.594869
1243.818600,536.266849,444.123565,8882.471304
1243.818918,76.609550,296.082377,9104.533087
1243.819237,229.828649,444.123565,9104.533087
1243.819556,766.095498,222.061783,9252.574275
1243.819875,459.657299,296.082377,8956.491898
1243.820194,612.876398,592.164754,9252.574275
1243.820513,383.047749,592.164754,9030.512492
1243.820831,612.876398,444.123565,9104.533087
1243.821150,459.657299,296.082377,9104.533087
1243.821469,612.876398,444.123565,9178.553681
1243.821788,842.705048,518.144159,9178.553681
1243.822107,842.705048,518.144159,9326.594869
1243.822426,766.095498,444.123565,9400.615463
1243.822744,536.266849,518.144159,9252.574275
1243.823063,766.095498,518.144159,9400.615463
1243.823382,995.924147,518.144159,9252.574275
1243.823701,536.266849,370.102971,9252.574275
1243.824020,689.485948,444.123565,9400.615463
1243.824338,612.876398,444.123565,9400.615463
1243.824657,766.095498,148.041188,9474.636058
1243.824976,536.266849,148.041188,9400.615463
1243.825295,459.657299,222.061783,9474.636058
1243.825614,612.876398,148.041188,9474.636058
1243.825933,229.828649,370.102971,9548.656652
1243.826251,76.609550,296.082377,9548.656652
1243.826570,153.219100,370.102971,9622.677246
1243.826889,-383.047749,-0.000000,9326.594869
1243.827208,306.438199,222.061783,9400.615463
1243.827527,153.219100,296.082377,9548.656652
1243.827846,153.219100,444.123565,9622.677246
1243.828164,153.219100,222.061783,9474.636058
1243.828483,153.219100,740.205942,9622.677246
1243.828802,153.219100,222.061783,9400.615463
1243.829121,383.047749,666.185348,9252.574275
1243.829440,536.266849,592.164754,9252.574275
1243.829759,306.438199,666.185348,9326.594869
1243.830077,229.828649,222.061783,9178.553681
1243.830396,612.876398,518.144159,9252.574275
1243.830715,689.485948,444.123565,9178.553681
1243.831034,766.095498,444.123565,9252.574275
1243.831353,842.705048,518.144159,9400.615463
1243.831671,766.095498,222.061783,9252.574275
1243.831990,766.095498,666.185348,9104.533087
1243.832309,612.876398,222.061783,9104.533087
1243.832628,689.485948,370.102971,9104.533087
1243.832947,689.485948,518.144159,9178.553681
1243.833266,1149.143247,444.123565,9400.615463
1243.833584,995.924147,370.102971,9104.533087
1243.833903,919.314598,444.123565,9252.574275
1243.834222,536.266849,444.123565,9400.615463
1243.834541,612.876398,-74.020594,9326.594869
1243.834860,919.314598,-222.061783,9178.553681
1243.835179,766.095498,222.061783,9030.512492
1243.835497,153.219100,74.020594,9400.615463
1243.835816,153.219100,-0.000000,9104.533087
1243.836135,536.266849,-0.000000,9178.553681
1243.836454,229.828649,-0.000000,9326.594869
1243.836773,229.828649,-0.000000,9178.553681
1243.837091,0.000000,296.082377,9400.615463
1243.837410,-153.219100,-0.000000,9178.553681
1243.837729,0.000000,-0.000000,9104.533087
1243.838048,-76.609550,222.061783,9326.594869
1243.838367,229.828649,370.102971,9252.574275
1243.838686,306.438199,518.144159,9178.553681
1243.839004,76.609550,370.102971,8956.491898
1243.839323,153.219100,518.144159,8956.491898
1243.839642,76.609550,296.082377,9252.574275
1243.839961,306.438199,444.123565,9030.512492
1243.840280,459.657299,666.185348,8734.430116
1243.840599,306.438199,592.164754,9030.512492
1243.840917,306.438199,592.164754,9030.512492
1243.841236,766.095498,592.164754,9104.533087
1243.841555,766.095498,666.185348,8882.471304
1243.841874,766.095498,444.123565,9178.553681
1243.842193,842.705048,370.102971,9030.512492
1243.842512,689.485948,666.185348,9252.574275
1243.842830,689.485948,518.144159,9178.553681
1243.843149,689.485948,444.123565,9178.553681
1243.843468,536.266849,370.102971,9252.574275
1243.843787,919.314598,296.082377,9326.594869
1243.844106,383.047749,444.123565,9400.615463
1243.844424,1072.533697,370.102971,9326.594869
1243.844743,612.876398,444.123565,9474.636058
1243.845062,766.095498,370.102971,9178.553681
1243.845381,229.828649,148.041188,9030.512492
1243.845700,459.657299,444.123565,9326.594869
1243.846019,306.438199,296.082377,9622.677246
1243.846337,459.657299,296.082377,9326.594869
1243.846656,306.438199,222.061783,9252.574275
1243.846975,306.438199,-0.000000,9400.615463
1243.847294,0.000000,222.061783,9548.656652
1243.847613,306.438199,296.082377,9178.553681
1243.847932,229.828649,370.102971,9474.636058
1243.848250,306.438199,444.123565,9622.677246
1243.848569,306.438199,296.082377,9548.656652
1243.848888,153.219100,518.144159,9474.636058
1243.849207,306.438199,518.144159,9326.594869
1243.849526,383.047749,518.144159,9400.615463
1243.849844,306.438199,370.102971,9400.615463
1243.850163,842.705048,518.144159,9400.615463
1243.850482,612.876398,370.102971,9104.533087
1243.850801,459.657299,518.144159,9400.615463
1243.851120,612.876398,74.020594,8956.491898
1243.851439,536.266849,370.102971,9178.553681
1243.851757,612.876398,370.102971,9030.512492
1243.852076,459.657299,370.102971,9178.553681
1243.852395,766.095498,518.144159,9326.594869
1243.852714,689.485948,592.164754,9326.594869
1243.853033,612.876398,370.102971,9178.553681
1243.853352,689.485948,296.082377,9326.594869
1243.853670,689.485948,296.082377,9104.533087
1243.853989,995.924147,-0.000000,9252.574275
1243.854308,919.314598,-0.000000,9104.533087
1243.854627,766.095498,222.061783,8956.491898
1243.854946,689.485948,-0.000000,9252.574275
1243.855265,536.266849,222.061783,9178.553681
1243.855583,306.438199,-0.000000,9252.574275
1243.855902,306.438199,-0.000000,9178.553681
1243.856221,383.047749,148.041188,9252.574275
1243.856540,153.219100,-0.000000,9326.594869
1243.856859,229.828649,-0.000000,9252.574275
1243.857177,-383.047749,-148.041188,9400.615463
1243.857496,0.000000,148.041188,9326.594869
1243.857815,0.000000,-148.041188,9252.574275
1243.858134,76.609550,148.041188,9326.594869
1243.858453,76.609550,-0.000000,9178.553681
1243.858772,153.219100,148.041188,9104.533087
1243.859090,153.219100,296.082377,9104.533087
1243.859409,76.609550,370.102971,8956.491898
1243.859728,76.609550,518.144159,8808.450710
1243.860047,153.219100,518.144159,9030.512492
1243.860366,459.657299,518.144159,8956.491898
1243.860685,306.438199,370.102971,9030.512492
1243.861003,612.876398,740.205942,9104.533087
1243.861322,229.828649,592.164754,8956.491898
1243.861641,612.876398,592.164754,9104.533087
1243.861960,536.266849,370.102971,8882.471304
1243.862279,612.876398,740.205942,9104.533087
1243.862597,766.095498,666.185348,9104.533087
1243.862916,459.657299,592.164754,9326.594869
1243.863235,536.266849,-0.000000,9252.574275
1243.863554,612.876398,740.205942,9400.615463
1243.863873,842.705048,444.123565,9104.533087
1243.864192,995.924147,592.164754,9104.533087
1243.864510,766.095498,592.164754,9104.533087
1243.864829,306.438199,814.226536,9252.574275
1243.865148,689.485948,222.061783,9104.533087
1243.865467,612.876398,370.102971,9400.615463
1243.865786,536.266849,296.082377,9474.636058
1243.866105,383.047749,-0.000000,9474.636058
1243.866423,612.876398,148.041188,9474.636058
1243.866742,229.828649,222.061783,9696.697840
1243.867061,459.657299,592.164754,9474.636058
1243.867380,229.828649,222.061783,9474.636058
1243.867699,153.219100,296.082377,9622.677246
1243.868018,76.609550,222.061783,9474.636058
1243.868336,306.438199,444.123565,9548.656652
1243.868655,383.047749,-0.000000,9474.636058
1243.868974,459.657299,222.061783,9548.656652
1243.869293,536.266849,296.082377,9548.656652
1243.869612,536.266849,444.123565,9474.636058
1243.869930,766.095498,518.144159,9252.574275
1243.870249,612.876398,444.123565,9474.636058
1243.870568,689.485948,370.102971,9104.533087
1243.870887,536.266849,-0.000000,9400.615463
1243.871206,536.266849,444.123565,9326.594869
1243.871525,612.876398,444.123565,9252.574275
1243.871843,689.485948,370.102971,9252.574275
1243.872162,536.266849,444.123565,9400.615463
1243.872481,612.876398,518.144159,9474.636058
1243.872800,766.095498,444.123565,9104.533087
1243.873119,306.438199,222.061783,9178.553681
1243.873438,689.485948,296.082377,9030.512492
1243.873756,689.485948,296.082377,9104.533087
1243.874075,995.924147,592.164754,9474.636058
1243.874394,689.485948,-0.000000,9030.512492
1243.874713,612.876398,-0.000000,9178.553681
1243.875032,383.047749,222.061783,9252.574275
1243.875350,0.000000,-0.000000,9474.636058
1243.875669,0.000000,-0.000000,8882.471304
1243.875988,0.000000,-0.000000,9104.533087
1243.876307,153.219100,-0.000000,9326.594869
1243.876626,0.000000,-0.000000,9252.574275
1243.876945,-306.438199,-0.000000,9474.636058
1243.877263,76.609550,-0.000000,9252.574275
1243.877582,0.000000,-0.000000,9178.553681
1243.877901,0.000000,-0.000000,9252.574275
1243.878220,-153.219100,-0.000000,9104.533087
1243.878539,383.047749,592.164754,9252.574275
1243.878858,0.000000,370.102971,8956.491898
1243.879176,383.047749,518.144159,8882.471304
1243.879495,153.219100,370.102971,9104.533087
1243.879814,536.266849,518.144159,9252.574275
1243.880133,383.047749,592.164754,8956.491898
1243.880452,306.438199,518.144159,8882.471304
1243.880771,536.266849,666.185348,9104.533087
1243.881089,536.266849,444.123565,8882.471304
1243.881408,689.485948,518.144159,9326.594869
1243.881727,689.485948,666.185348,8956.491898
1243.882046,689.485948,666.185348,8882.471304
1243.882365,995.924147,666.185348,9178.553681
1243.882683,612.876398,814.226536,9252.574275
1243.883002,383.047749,444.123565,9400.615463
1243.883321,689.485948,666.185348,9104.533087
1243.883640,766.095498,592.164754,9400.615463
1243.883959,842.705048,740.205942,9252.574275
1243.884278,919.314598,518.144159,9104.533087
1243.884596,1225.752797,518.144159,9252.574275
1243.884915,766.095498,444.123565,9252.574275
1243.885234,612.876398,592.164754,9252.574275
1243.885553,612.876398,148.041188,9326.594869
1243.885872,383.047749,-0.000000,9474.636058
1243.886191,153.219100,-0.000000,9474.636058
1243.886509,229.828649,-0.000000,9696.697840
1243.886828,536.266849,-0.000000,9474.636058
1243.887147,383.047749,148.041188,9548.656652
1243.887466,612.876398,296.082377,9548.656652
1243.887785,229.828649,444.123565,9474.636058
1243.888103,612.876398,444.123565,9474.636058
1243.888422,229.828649,148.041188,9696.697840
1243.888741,306.438199,444.123565,9622.677246
1243.889060,459.657299,518.144159,9548.656652
1243.889379,229.828649,296.082377,9474.636058
1243.889698,459.657299,444.123565,9474.636058
1243.890016,536.266849,444.123565,9474.636058
1243.890335,383.047749,296.082377,9326.594869
1243.890654,229.828649,814.226536,9474.636058
1243.890973,536.266849,666.185348,9400.615463
1243.891292,536.266849,518.144159,9400.615463
1243.891611,153.219100,740.205942,9252.574275
1243.891929,612.876398,370.102971,9178.553681
1243.892248,919.314598,-0.000000,9326.594869
1243.892567,459.657299,296.082377,9252.574275
1243.892886,919.314598,592.164754,9400.615463
1243.893205,766.095498,518.144159,9326.594869
1243.893524,689.485948,370.102971,8956.491898
1243.893842,766.095498,-0.000000,8956.491898
1243.894161,842.705048,222.061783,9030.512492
1243.894480,689.485948,370.102971,9104.533087
1243.894799,766.095498,222.061783,9178.553681
1243.895118,459.657299,370.102971,9252.574275
1243.895436,612.876398,-0.000000,9252.574275
1243.895755,383.047749,-0.000000,9400.615463
1243.896074,306.438199,-0.000000,9030.512492
1243.896393,306.438199,-0.000000,9104.533087
1243.896712,459.657299,-74.020594,9104.533087
1243.897031,0.000000,-0.000000,9252.574275
1243.897349,76.609550,148.041188,9178.553681
1243.897668,0.000000,-0.000000,9326.594869
1243.897987,153.219100,-0.000000,9252.574275
1243.898306,229.828649,-0.000000,9326.594869
1243.898625,229.828649,222.061783,9252.574275
1243.898944,0.000000,-0.000000,9104.533087
1243.899262,76.609550,296.082377,9104.533087
1243.899581,229.828649,296.082377,9030.512492
1243.899900,229.828649,-0.000000,8882.471304
